
100,[144, 326, 819, 576, 389],0.0,0.0
300,[290, 606, 64, 266, 416],0.0,0.0
110,[328, 251, 926, 825, 414],0.0,0.0
310,[984, 597, 938, 678, 455],0.0,0.0
120,[237, 556, 937, 925, 514],0.0,0.0
320,[730, 467, 820, 29, 885],0.0,0.0
330,[47, 4, 153, 179, 764],0.0,0.0
130,[589, 258, 284, 652, 183],0.0,0.0
340,[899, 475, 811, 618, 259],0.0,0.0
140,[543, 89, 441, 108, 173],0.0,0.0
301,[821, 492, 186, 177, 805],0.0,0.0
101,[941, 963, 28, 151, 306],0.0,0.0
311,[573, 961, 318, 701, 856],0.0,0.0
111,[507, 833, 387, 757, 777],0.0,0.0
321,[521, 824, 67, 225, 643],0.0,0.0
121,[81, 169, 523, 87, 760],0.0,0.0
331,[315, 992, 762, 361, 438],0.0,0.0
131,[299, 913, 917, 262, 11],0.0,0.0
341,[470, 812, 26, 453, 250],0.0,0.0
141,[518, 876, 963, 207, 274],0.0,0.0
302,[844, 29, 231, 242, 241],0.0,0.0
102,[919, 971, 608, 930, 527],0.0,0.0
0,[456, 347, 590, 354, 29],0.0,0.0
312,[681, 841, 617, 549, 352],0.0,0.0
112,[967, 524, 702, 369, 862],0.0,0.0
200,[568, 416, 343, 22, 113],0.0,0.0
10,[206, 194, 426, 854, 745],0.0,0.0
322,[628, 905, 436, 83, 584],0.0,0.0
210,[230, 489, 929, 749, 254],0.0,0.0
122,[0, 478, 103, 253, 558],0.0,0.0
332,[212, 747, 196, 948, 97],0.0,0.0
20,[528, 314, 989, 103, 280],0.0,0.0
132,[257, 473, 998, 443, 344],0.0,0.0
220,[793, 98, 248, 959, 204],0.0,0.0
30,[995, 29, 566, 977, 322],0.0,0.0
342,[966, 255, 351, 197, 184],0.0,0.0
230,[628, 2, 892, 831, 456],0.0,0.0
142,[528, 808, 296, 693, 592],0.0,0.0
40,[785, 94, 210, 235, 495],0.0,0.0
303,[938, 274, 670, 155, 336],0.0,0.0
240,[311, 753, 862, 303, 533],0.0,0.0
103,[977, 69, 50, 397, 324],0.0,0.0
313,[42, 969, 75, 116, 242],0.0,0.0
1,[698, 53, 97, 20, 209],0.0,0.0
201,[637, 331, 677, 99, 963],0.0,0.0
113,[221, 989, 515, 237, 919],0.0,0.0
11,[815, 606, 571, 708, 451],0.0,0.0
323,[655, 206, 638, 76, 173],0.0,0.0
211,[746, 578, 74, 775, 30],0.0,0.0
21,[522, 416, 262, 124, 599],0.0,0.0
123,[573, 319, 364, 694, 300],0.0,0.0
333,[113, 279, 422, 324, 745],0.0,0.0
221,[849, 769, 344, 604, 854],0.0,0.0
31,[297, 437, 620, 591, 770],0.0,0.0
133,[227, 158, 381, 197, 562],0.0,0.0
231,[754, 571, 302, 559, 802],0.0,0.0
343,[215, 353, 635, 766, 873],0.0,0.0
41,[833, 595, 314, 201, 6],0.0,0.0
143,[371, 438, 865, 656, 542],0.0,0.0
241,[503, 843, 70, 700, 965],0.0,0.0
304,[634, 852, 504, 465, 433],0.0,0.0
2,[119, 529, 468, 149, 737],0.0,0.0
314,[275, 100, 384, 36, 68],0.0,0.0
104,[851, 677, 394, 241, 211],0.0,0.0
202,[408, 575, 728, 86, 184],0.0,0.0
12,[197, 70, 580, 92, 737],0.0,0.0
212,[256, 702, 899, 674, 474],0.0,0.0
114,[484, 919, 626, 794, 48],0.0,0.0
324,[397, 784, 271, 906, 705],0.0,0.0
22,[186, 56, 964, 331, 821],0.0,0.0
334,[390, 519, 660, 270, 65],0.0,0.0
222,[223, 949, 24, 738, 237],0.0,0.0
124,[626, 590, 627, 527, 776],0.0,0.0
32,[281, 323, 934, 735, 938],0.0,0.0
232,[946, 692, 695, 693, 348],0.0,0.0
134,[275, 337, 815, 814, 170],0.0,0.0
344,[418, 562, 979, 671, 244],0.0,0.0
42,[824, 940, 717, 856, 891],0.0,0.0
242,[982, 276, 246, 918, 452],0.0,0.0
144,[617, 592, 16, 166, 35],0.0,0.0
305,[328, 175, 664, 361, 506],0.0,0.0
3,[443, 346, 517, 184, 773],0.0,0.0
203,[300, 139, 486, 131, 325],0.0,0.0
105,[121, 311, 461, 267, 642],0.0,0.0
315,[18, 797, 182, 847, 12],0.0,0.0
13,[430, 728, 822, 694, 840],0.0,0.0
213,[982, 186, 65, 723, 357],0.0,0.0
115,[326, 933, 125, 611, 287],0.0,0.0
325,[759, 842, 10, 863, 689],0.0,0.0
23,[697, 551, 277, 149, 987],0.0,0.0
223,[503, 642, 212, 971, 583],0.0,0.0
335,[576, 610, 544, 643, 622],0.0,0.0
125,[812, 27, 608, 867, 415],0.0,0.0
33,[744, 598, 418, 173, 390],0.0,0.0
233,[157, 312, 821, 799, 428],0.0,0.0
135,[659, 993, 955, 183, 614],0.0,0.0
345,[338, 896, 32, 142, 314],0.0,0.0
43,[595, 923, 344, 440, 183],0.0,0.0
243,[983, 919, 502, 357, 6],0.0,0.0
306,[817, 976, 140, 444, 245],0.0,0.0
4,[509, 225, 669, 111, 968],0.0,0.0
145,[853, 96, 986, 785, 776],0.0,0.0
204,[576, 631, 560, 406, 15],0.0,0.0
316,[80, 166, 64, 417, 860],0.0,0.0
14,[370, 116, 373, 704, 337],0.0,0.0
214,[364, 252, 821, 213, 493],0.0,0.0
106,[926, 782, 584, 821, 870],0.0,0.0
326,[661, 743, 557, 212, 809],0.0,0.0
116,[624, 311, 75, 734, 932],0.0,0.0
24,[66, 329, 253, 864, 839],0.0,0.0
224,[795, 257, 60, 525, 173],0.0,0.0
336,[275, 954, 296, 632, 460],0.0,0.0
34,[159, 595, 559, 528, 527],0.0,0.0
234,[167, 510, 519, 671, 850],0.0,0.0
126,[747, 121, 885, 560, 223],0.0,0.0
346,[283, 685, 508, 165, 705],0.0,0.0
136,[460, 802, 926, 163, 213],0.0,0.0
44,[960, 183, 96, 559, 977],0.0,0.0
244,[171, 347, 155, 445, 242],0.0,0.0
307,[857, 303, 901, 914, 439],0.0,0.0
146,[884, 135, 422, 351, 519],0.0,0.0
5,[326, 645, 930, 441, 228],0.0,0.0
205,[63, 359, 898, 261, 188],0.0,0.0
317,[994, 46, 773, 74, 72],0.0,0.0
215,[557, 422, 921, 723, 417],0.0,0.0
15,[877, 798, 384, 974, 589],0.0,0.0
107,[439, 799, 257, 349, 379],0.0,0.0
327,[215, 912, 178, 982, 30],0.0,0.0
117,[40, 14, 281, 632, 725],0.0,0.0
225,[655, 327, 831, 755, 269],0.0,0.0
25,[731, 127, 692, 479, 879],0.0,0.0
337,[112, 320, 914, 167, 542],0.0,0.0
235,[547, 947, 773, 943, 786],0.0,0.0
35,[23, 964, 794, 563, 76],0.0,0.0
127,[251, 151, 439, 198, 784],0.0,0.0
347,[420, 164, 291, 686, 955],0.0,0.0
245,[372, 159, 680, 830, 209],0.0,0.0
137,[73, 846, 478, 233, 797],0.0,0.0
45,[984, 800, 667, 863, 152],0.0,0.0
206,[34, 123, 795, 80, 181],0.0,0.0
6,[380, 71, 799, 791, 165],0.0,0.0
308,[680, 332, 656, 613, 808],0.0,0.0
147,[705, 867, 435, 829, 795],0.0,0.0
216,[73, 81, 911, 257, 831],0.0,0.0
16,[867, 751, 645, 345, 237],0.0,0.0
318,[347, 394, 414, 893, 184],0.0,0.0
226,[334, 406, 640, 490, 805],0.0,0.0
26,[853, 551, 51, 241, 787],0.0,0.0
108,[147, 765, 350, 925, 722],0.0,0.0
236,[712, 852, 411, 437, 696],0.0,0.0
36,[53, 242, 833, 690, 664],0.0,0.0
328,[922, 523, 946, 527, 205],0.0,0.0
246,[163, 682, 136, 632, 533],0.0,0.0
118,[916, 759, 122, 151, 15],0.0,0.0
46,[36, 195, 242, 496, 86],0.0,0.0
338,[102, 27, 138, 571, 277],0.0,0.0
207,[784, 684, 710, 240, 434],0.0,0.0
7,[933, 352, 14, 556, 489],0.0,0.0
128,[613, 479, 871, 196, 492],0.0,0.0
217,[429, 517, 536, 593, 485],0.0,0.0
348,[952, 185, 241, 762, 251],0.0,0.0
17,[981, 264, 335, 780, 653],0.0,0.0
138,[557, 856, 984, 87, 44],0.0,0.0
309,[847, 718, 403, 736, 444],0.0,0.0
227,[155, 569, 444, 38, 332],0.0,0.0
27,[321, 513, 820, 688, 430],0.0,0.0
319,[727, 698, 283, 872, 472],0.0,0.0
148,[589, 152, 392, 930, 798],0.0,0.0
237,[338, 320, 784, 409, 7],0.0,0.0
37,[873, 80, 594, 69, 234],0.0,0.0
329,[525, 198, 514, 719, 902],0.0,0.0
109,[965, 312, 745, 433, 930],0.0,0.0
247,[272, 846, 960, 859, 213],0.0,0.0
339,[829, 486, 722, 485, 139],0.0,0.0
47,[397, 674, 219, 668, 90],0.0,0.0
119,[608, 89, 449, 967, 696],0.0,0.0
349,[955, 361, 593, 208, 555],0.0,0.0
208,[951, 178, 719, 328, 843],0.0,0.0
129,[487, 366, 974, 941, 220],0.0,0.0
8,[946, 949, 93, 248, 45],0.0,0.0
139,[755, 403, 948, 276, 989],0.0,0.0
218,[46, 735, 496, 701, 76],0.0,0.0
18,[690, 532, 124, 682, 449],0.0,0.0
149,[249, 111, 158, 797, 423],0.0,0.0
228,[462, 193, 786, 964, 703],0.0,0.0
28,[987, 613, 860, 905, 449],0.0,0.0
238,[41, 326, 330, 869, 804],0.0,0.0
38,[75, 666, 464, 114, 754],0.0,0.0
248,[857, 345, 80, 301, 783],0.0,0.0
48,[346, 420, 854, 830, 266],0.0,0.0
209,[368, 0, 503, 446, 222],0.0,0.0
219,[419, 787, 991, 440, 446],0.0,0.0
9,[387, 619, 276, 429, 361],0.0,0.0
19,[624, 873, 36, 493, 155],0.0,0.0
229,[776, 638, 628, 691, 432],0.0,0.0
239,[233, 330, 303, 79, 595],0.0,0.0
29,[188, 479, 86, 415, 731],0.0,0.0
350,[432, 102, 944, 901, 497],0.0,0.0
249,[632, 994, 739, 430, 250],0.0,0.0
39,[624, 739, 732, 586, 442],0.0,0.0
360,[96, 250, 578, 931, 664],0.0,0.0
49,[369, 112, 796, 219, 425],0.0,0.0
370,[203, 891, 298, 903, 55],0.0,0.0
150,[650, 78, 767, 637, 933],0.0,0.0
380,[245, 750, 980, 246, 880],0.0,0.0
160,[850, 381, 212, 181, 40],0.0,0.0
390,[975, 358, 260, 747, 774],0.0,0.0
170,[927, 823, 295, 895, 737],0.0,0.0
351,[171, 377, 340, 222, 218],0.0,0.0
180,[845, 428, 733, 514, 510],0.0,0.0
361,[394, 311, 657, 726, 806],0.0,0.0
190,[350, 489, 502, 703, 986],0.0,0.0
371,[85, 171, 446, 320, 397],0.0,0.0
151,[608, 644, 421, 138, 936],0.0,0.0
381,[111, 816, 463, 473, 786],0.0,0.0
161,[420, 194, 105, 497, 188],0.0,0.0
391,[278, 766, 183, 142, 618],0.0,0.0
171,[587, 598, 807, 381, 369],0.0,0.0
352,[876, 545, 528, 3, 564],0.0,0.0
181,[244, 632, 204, 563, 886],0.0,0.0
362,[677, 27, 205, 387, 806],0.0,0.0
191,[477, 643, 500, 320, 970],0.0,0.0
372,[460, 325, 489, 653, 1],0.0,0.0
152,[987, 511, 277, 206, 36],0.0,0.0
382,[236, 137, 303, 591, 777],0.0,0.0
162,[978, 772, 72, 158, 960],0.0,0.0
392,[337, 782, 143, 11, 410],0.0,0.0
172,[817, 534, 337, 375, 592],0.0,0.0
353,[635, 785, 667, 748, 910],0.0,0.0
182,[496, 624, 698, 865, 649],0.0,0.0
363,[468, 949, 81, 162, 485],0.0,0.0
192,[942, 923, 314, 110, 479],0.0,0.0
373,[643, 459, 685, 767, 337],0.0,0.0
153,[195, 156, 951, 166, 343],0.0,0.0
383,[854, 376, 953, 541, 121],0.0,0.0
163,[31, 855, 104, 709, 610],0.0,0.0
393,[962, 775, 248, 140, 457],0.0,0.0
173,[263, 59, 487, 934, 516],0.0,0.0
183,[483, 104, 381, 916, 284],0.0,0.0
354,[234, 634, 652, 746, 134],0.0,0.0
250,[36, 806, 875, 857, 668],0.0,0.0
364,[909, 149, 854, 371, 375],0.0,0.0
260,[727, 515, 898, 11, 870],0.0,0.0
193,[759, 845, 637, 228, 566],0.0,0.0
50,[136, 240, 241, 156, 109],0.0,0.0
374,[64, 731, 500, 247, 825],0.0,0.0
60,[506, 406, 460, 348, 512],0.0,0.0
270,[671, 13, 619, 406, 367],0.0,0.0
154,[657, 897, 630, 893, 122],0.0,0.0
384,[785, 814, 163, 815, 309],0.0,0.0
164,[352, 880, 898, 87, 805],0.0,0.0
280,[748, 672, 942, 168, 681],0.0,0.0
70,[18, 681, 325, 223, 298],0.0,0.0
394,[25, 455, 725, 665, 916],0.0,0.0
80,[198, 907, 481, 755, 289],0.0,0.0
174,[195, 503, 866, 876, 860],0.0,0.0
290,[633, 488, 3, 947, 141],0.0,0.0
184,[792, 199, 919, 164, 393],0.0,0.0
355,[581, 119, 284, 424, 774],0.0,0.0
90,[262, 600, 955, 386, 137],0.0,0.0
251,[344, 848, 385, 495, 241],0.0,0.0
194,[77, 726, 349, 96, 848],0.0,0.0
365,[115, 227, 53, 259, 337],0.0,0.0
261,[494, 424, 516, 529, 766],0.0,0.0
51,[799, 603, 724, 336, 263],0.0,0.0
61,[834, 602, 192, 840, 249],0.0,0.0
271,[578, 608, 166, 832, 580],0.0,0.0
155,[179, 872, 484, 135, 823],0.0,0.0
375,[586, 808, 721, 245, 511],0.0,0.0
281,[7, 328, 280, 274, 529],0.0,0.0
71,[656, 891, 128, 799, 23],0.0,0.0
165,[438, 821, 498, 720, 190],0.0,0.0
385,[433, 955, 250, 917, 208],0.0,0.0
81,[221, 577, 111, 836, 196],0.0,0.0
291,[36, 475, 754, 976, 310],0.0,0.0
395,[49, 342, 908, 969, 237],0.0,0.0
175,[475, 290, 426, 440, 965],0.0,0.0
91,[757, 32, 593, 393, 317],0.0,0.0
252,[476, 62, 342, 551, 687],0.0,0.0
356,[912, 707, 309, 774, 350],0.0,0.0
185,[860, 809, 539, 885, 567],0.0,0.0
262,[913, 633, 792, 85, 604],0.0,0.0
52,[567, 808, 269, 173, 528],0.0,0.0
366,[539, 512, 77, 449, 209],0.0,0.0
62,[539, 520, 910, 49, 72],0.0,0.0
272,[798, 137, 899, 777, 762],0.0,0.0
195,[196, 832, 493, 286, 939],0.0,0.0
376,[303, 675, 774, 922, 856],0.0,0.0
282,[747, 448, 670, 938, 133],0.0,0.0
72,[480, 670, 46, 709, 586],0.0,0.0
156,[87, 798, 544, 833, 165],0.0,0.0
386,[794, 983, 951, 191, 719],0.0,0.0
82,[490, 607, 79, 962, 181],0.0,0.0
292,[611, 489, 141, 378, 766],0.0,0.0
166,[512, 770, 551, 888, 257],0.0,0.0
396,[107, 655, 251, 827, 332],0.0,0.0
92,[366, 227, 408, 819, 159],0.0,0.0
176,[174, 529, 971, 993, 475],0.0,0.0
253,[12, 125, 155, 721, 846],0.0,0.0
186,[301, 341, 403, 51, 893],0.0,0.0
357,[238, 718, 148, 291, 474],0.0,0.0
600,[210, 264, 146, 284, 418],0.0,0.0
263,[483, 643, 160, 983, 697],0.0,0.0
53,[558, 550, 328, 721, 528],0.0,0.0
700,[198, 153, 148, 64, 682],0.0,0.0
610,[168, 406, 169, 255, 955],0.0,0.0
196,[328, 433, 917, 199, 567],0.0,0.0
63,[385, 386, 154, 418, 482],0.0,0.0
367,[170, 723, 29, 863, 115],0.0,0.0
710,[652, 492, 916, 941, 764],0.0,0.0
273,[474, 341, 729, 377, 59],0.0,0.0
620,[903, 631, 795, 330, 351],0.0,0.0
73,[242, 392, 633, 281, 135],0.0,0.0
720,[175, 360, 541, 475, 518],0.0,0.0
283,[510, 190, 697, 108, 79],0.0,0.0
157,[151, 695, 651, 158, 836],0.0,0.0
630,[923, 96, 222, 630, 27],0.0,0.0
377,[736, 198, 292, 217, 142],0.0,0.0
730,[797, 609, 793, 205, 233],0.0,0.0
83,[932, 838, 651, 729, 220],0.0,0.0
293,[676, 914, 217, 107, 525],0.0,0.0
640,[900, 34, 79, 368, 832],0.0,0.0
167,[786, 807, 995, 778, 499],0.0,0.0
387,[57, 301, 562, 350, 404],0.0,0.0
740,[483, 326, 41, 781, 994],0.0,0.0
93,[13, 304, 497, 860, 71],0.0,0.0
254,[868, 360, 761, 138, 764],0.0,0.0
650,[327, 299, 950, 906, 942],0.0,0.0
177,[285, 161, 97, 911, 238],0.0,0.0
750,[230, 453, 150, 617, 631],0.0,0.0
397,[199, 923, 908, 299, 431],0.0,0.0
264,[541, 990, 757, 206, 691],0.0,0.0
54,[443, 166, 421, 268, 418],0.0,0.0
660,[869, 795, 436, 565, 213],0.0,0.0
760,[907, 196, 215, 15, 291],0.0,0.0
187,[89, 325, 782, 959, 53],0.0,0.0
64,[379, 658, 878, 889, 768],0.0,0.0
274,[119, 388, 438, 583, 253],0.0,0.0
670,[11, 698, 222, 957, 38],0.0,0.0
358,[307, 108, 527, 720, 705],0.0,0.0
770,[605, 459, 555, 494, 868],0.0,0.0
284,[669, 54, 106, 374, 895],0.0,0.0
680,[918, 55, 487, 732, 133],0.0,0.0
74,[335, 523, 171, 379, 315],0.0,0.0
197,[741, 442, 779, 732, 252],0.0,0.0
780,[957, 469, 199, 954, 127],0.0,0.0
84,[264, 864, 235, 263, 923],0.0,0.0
368,[451, 444, 335, 397, 307],0.0,0.0
294,[899, 267, 626, 806, 774],0.0,0.0
690,[754, 298, 595, 380, 795],0.0,0.0
790,[666, 548, 897, 326, 546],0.0,0.0
94,[886, 172, 131, 58, 409],0.0,0.0
158,[384, 193, 630, 845, 577],0.0,0.0
601,[485, 852, 916, 691, 330],0.0,0.0
400,[658, 976, 946, 845, 642],0.0,0.0
255,[87, 980, 708, 550, 614],0.0,0.0
701,[986, 965, 126, 580, 452],0.0,0.0
378,[204, 931, 681, 182, 389],0.0,0.0
500,[618, 826, 109, 455, 159],0.0,0.0
611,[631, 232, 488, 114, 848],0.0,0.0
410,[713, 321, 600, 718, 420],0.0,0.0
711,[636, 101, 138, 413, 905],0.0,0.0
168,[888, 172, 367, 748, 551],0.0,0.0
55,[40, 157, 840, 173, 576],0.0,0.0
265,[597, 806, 64, 961, 80],0.0,0.0
621,[65, 631, 751, 114, 41],0.0,0.0
388,[359, 451, 524, 942, 560],0.0,0.0
420,[372, 444, 293, 150, 626],0.0,0.0
721,[300, 802, 999, 277, 333],0.0,0.0
520,[167, 479, 826, 298, 858],0.0,0.0
65,[150, 270, 261, 811, 307],0.0,0.0
631,[447, 845, 633, 981, 886],0.0,0.0
430,[474, 620, 902, 298, 158],0.0,0.0
275,[345, 167, 424, 693, 215],0.0,0.0
731,[348, 972, 866, 496, 798],0.0,0.0
530,[527, 497, 850, 529, 39],0.0,0.0
178,[563, 774, 260, 368, 142],0.0,0.0
398,[535, 681, 755, 103, 619],0.0,0.0
641,[506, 605, 968, 727, 430],0.0,0.0
440,[393, 860, 964, 120, 238],0.0,0.0
741,[120, 135, 744, 757, 981],0.0,0.0
540,[656, 380, 895, 473, 610],0.0,0.0
285,[25, 130, 754, 351, 653],0.0,0.0
75,[3, 646, 587, 288, 785],0.0,0.0
188,[896, 984, 597, 925, 449],0.0,0.0
651,[520, 40, 609, 149, 881],0.0,0.0
450,[494, 315, 736, 960, 818],0.0,0.0
359,[79, 897, 752, 75, 265],0.0,0.0
751,[958, 857, 41, 320, 360],0.0,0.0
550,[172, 271, 361, 983, 71],0.0,0.0
85,[988, 82, 648, 801, 228],0.0,0.0
295,[26, 575, 888, 25, 385],0.0,0.0
661,[768, 427, 159, 787, 377],0.0,0.0
460,[93, 637, 565, 208, 618],0.0,0.0
369,[773, 27, 686, 931, 269],0.0,0.0
761,[912, 88, 983, 893, 176],0.0,0.0
560,[369, 462, 117, 263, 26],0.0,0.0
198,[895, 537, 474, 482, 993],0.0,0.0
95,[710, 112, 412, 422, 1],0.0,0.0
256,[668, 67, 675, 843, 541],0.0,0.0
671,[875, 660, 99, 742, 96],0.0,0.0
470,[273, 22, 407, 631, 713],0.0,0.0
570,[687, 828, 483, 604, 849],0.0,0.0
771,[22, 341, 531, 764, 897],0.0,0.0
379,[136, 815, 907, 62, 643],0.0,0.0
266,[646, 916, 963, 128, 446],0.0,0.0
681,[16, 758, 539, 629, 273],0.0,0.0
480,[451, 752, 426, 468, 441],0.0,0.0
159,[914, 882, 637, 347, 383],0.0,0.0
56,[396, 353, 963, 368, 292],0.0,0.0
580,[137, 228, 858, 535, 100],0.0,0.0
781,[221, 519, 821, 258, 439],0.0,0.0
389,[827, 986, 971, 179, 73],0.0,0.0
66,[445, 293, 253, 971, 507],0.0,0.0
276,[787, 919, 360, 825, 794],0.0,0.0
169,[603, 251, 419, 792, 780],0.0,0.0
490,[695, 804, 398, 363, 856],0.0,0.0
691,[577, 249, 917, 81, 456],0.0,0.0
590,[425, 65, 558, 649, 614],0.0,0.0
791,[360, 587, 517, 324, 618],0.0,0.0
399,[553, 517, 939, 383, 522],0.0,0.0
286,[910, 480, 851, 353, 462],0.0,0.0
401,[616, 382, 270, 957, 484],0.0,0.0
501,[483, 664, 632, 764, 406],0.0,0.0
76,[771, 396, 126, 532, 361],0.0,0.0
602,[879, 745, 405, 862, 462],0.0,0.0
179,[673, 969, 545, 223, 334],0.0,0.0
702,[233, 462, 703, 95, 463],0.0,0.0
411,[702, 465, 65, 221, 809],0.0,0.0
511,[753, 142, 943, 363, 393],0.0,0.0
296,[847, 819, 353, 857, 901],0.0,0.0
612,[716, 991, 427, 128, 722],0.0,0.0
86,[524, 792, 209, 27, 222],0.0,0.0
712,[719, 539, 992, 516, 862],0.0,0.0
189,[302, 146, 345, 511, 771],0.0,0.0
421,[436, 740, 23, 149, 158],0.0,0.0
521,[219, 867, 161, 15, 753],0.0,0.0
622,[84, 225, 437, 951, 85],0.0,0.0
431,[601, 267, 416, 93, 652],0.0,0.0
531,[449, 971, 951, 27, 635],0.0,0.0
722,[282, 658, 795, 557, 162],0.0,0.0
96,[72, 740, 930, 87, 39],0.0,0.0
257,[90, 340, 102, 51, 990],0.0,0.0
199,[296, 121, 549, 631, 807],0.0,0.0
632,[281, 881, 586, 771, 280],0.0,0.0
541,[427, 640, 112, 828, 688],0.0,0.0
441,[803, 890, 677, 810, 617],0.0,0.0
732,[137, 690, 289, 207, 433],0.0,0.0
551,[35, 219, 447, 221, 273],0.0,0.0
267,[420, 535, 411, 326, 969],0.0,0.0
451,[441, 888, 951, 274, 888],0.0,0.0
57,[795, 86, 141, 418, 520],0.0,0.0
642,[228, 718, 66, 100, 419],0.0,0.0
742,[930, 936, 505, 677, 484],0.0,0.0
561,[118, 279, 738, 952, 776],0.0,0.0
461,[891, 404, 496, 521, 13],0.0,0.0
652,[103, 638, 230, 219, 822],0.0,0.0
67,[550, 808, 629, 550, 514],0.0,0.0
752,[819, 806, 373, 825, 91],0.0,0.0
277,[26, 573, 995, 451, 261],0.0,0.0
471,[144, 861, 378, 576, 266],0.0,0.0
571,[436, 127, 312, 810, 654],0.0,0.0
662,[190, 853, 84, 34, 783],0.0,0.0
762,[33, 930, 876, 765, 873],0.0,0.0
481,[873, 181, 764, 159, 296],0.0,0.0
581,[778, 994, 512, 670, 111],0.0,0.0
287,[74, 710, 347, 534, 418],0.0,0.0
77,[864, 107, 246, 418, 36],0.0,0.0
491,[618, 620, 932, 790, 803],0.0,0.0
591,[676, 219, 64, 328, 575],0.0,0.0
672,[196, 16, 213, 758, 2],0.0,0.0
772,[246, 137, 726, 762, 178],0.0,0.0
402,[748, 975, 141, 842, 68],0.0,0.0
502,[563, 337, 299, 86, 811],0.0,0.0
782,[861, 24, 214, 278, 505],0.0,0.0
682,[695, 950, 124, 576, 982],0.0,0.0
87,[129, 821, 611, 348, 305],0.0,0.0
297,[664, 346, 932, 337, 794],0.0,0.0
412,[730, 711, 766, 895, 988],0.0,0.0
512,[607, 369, 682, 245, 513],0.0,0.0
792,[118, 485, 977, 284, 755],0.0,0.0
692,[473, 849, 815, 884, 740],0.0,0.0
422,[300, 587, 556, 749, 226],0.0,0.0
522,[728, 231, 321, 849, 376],0.0,0.0
97,[602, 540, 629, 7, 850],0.0,0.0
432,[560, 506, 123, 705, 763],0.0,0.0
258,[829, 299, 531, 189, 129],0.0,0.0
532,[242, 291, 120, 155, 61],0.0,0.0
703,[146, 974, 934, 227, 353],0.0,0.0
603,[562, 658, 766, 647, 185],0.0,0.0
442,[900, 59, 529, 15, 917],0.0,0.0
542,[266, 48, 631, 103, 296],0.0,0.0
713,[84, 742, 873, 442, 49],0.0,0.0
613,[995, 566, 631, 236, 645],0.0,0.0
268,[283, 759, 918, 56, 35],0.0,0.0
452,[290, 373, 14, 960, 676],0.0,0.0
58,[746, 291, 357, 795, 150],0.0,0.0
552,[291, 526, 636, 907, 0],0.0,0.0
462,[562, 604, 393, 438, 480],0.0,0.0
723,[464, 521, 654, 728, 586],0.0,0.0
562,[406, 556, 376, 514, 198],0.0,0.0
623,[276, 750, 375, 611, 558],0.0,0.0
472,[905, 855, 857, 923, 805],0.0,0.0
68,[545, 511, 86, 866, 603],0.0,0.0
733,[695, 618, 980, 845, 418],0.0,0.0
278,[418, 75, 544, 79, 844],0.0,0.0
572,[446, 26, 208, 529, 859],0.0,0.0
633,[90, 463, 20, 451, 655],0.0,0.0
482,[747, 765, 862, 787, 672],0.0,0.0
582,[996, 387, 463, 532, 969],0.0,0.0
743,[545, 347, 987, 557, 694],0.0,0.0
492,[903, 78, 311, 417, 756],0.0,0.0
288,[907, 716, 176, 426, 857],0.0,0.0
643,[116, 85, 649, 552, 515],0.0,0.0
592,[800, 106, 491, 200, 728],0.0,0.0
78,[859, 148, 300, 995, 33],0.0,0.0
753,[484, 939, 517, 256, 56],0.0,0.0
653,[369, 500, 647, 2, 117],0.0,0.0
403,[339, 142, 544, 136, 341],0.0,0.0
88,[350, 481, 338, 433, 473],0.0,0.0
503,[609, 785, 31, 29, 480],0.0,0.0
298,[698, 669, 302, 179, 506],0.0,0.0
763,[182, 246, 937, 938, 892],0.0,0.0
663,[972, 59, 226, 291, 116],0.0,0.0
259,[96, 557, 927, 286, 830],0.0,0.0
773,[950, 937, 199, 320, 26],0.0,0.0
513,[260, 827, 871, 809, 212],0.0,0.0
413,[923, 751, 783, 951, 859],0.0,0.0
98,[382, 919, 796, 566, 214],0.0,0.0
673,[487, 579, 135, 205, 378],0.0,0.0
269,[191, 726, 629, 774, 781],0.0,0.0
783,[17, 99, 639, 345, 68],0.0,0.0
683,[440, 422, 521, 304, 452],0.0,0.0
59,[706, 637, 659, 874, 30],0.0,0.0
523,[553, 206, 45, 400, 742],0.0,0.0
423,[983, 470, 669, 13, 244],0.0,0.0
279,[783, 739, 943, 347, 409],0.0,0.0
793,[62, 135, 368, 780, 962],0.0,0.0
69,[408, 676, 167, 657, 940],0.0,0.0
693,[639, 871, 606, 561, 720],0.0,0.0
289,[359, 4, 917, 509, 950],0.0,0.0
533,[372, 912, 958, 961, 851],0.0,0.0
704,[70, 27, 949, 992, 845],0.0,0.0
433,[111, 588, 321, 866, 184],0.0,0.0
604,[575, 741, 273, 105, 392],0.0,0.0
79,[986, 497, 658, 905, 410],0.0,0.0
714,[984, 259, 126, 445, 514],0.0,0.0
299,[715, 589, 428, 16, 48],0.0,0.0
614,[137, 160, 85, 94, 122],0.0,0.0
89,[792, 222, 48, 841, 612],0.0,0.0
543,[539, 216, 961, 132, 993],0.0,0.0
724,[370, 478, 322, 980, 453],0.0,0.0
443,[973, 818, 958, 578, 178],0.0,0.0
624,[450, 715, 959, 745, 306],0.0,0.0
734,[702, 742, 629, 294, 751],0.0,0.0
99,[554, 261, 787, 987, 653],0.0,0.0
634,[536, 823, 791, 744, 697],0.0,0.0
553,[22, 669, 449, 321, 629],0.0,0.0
744,[829, 1, 419, 95, 865],0.0,0.0
453,[52, 637, 950, 154, 581],0.0,0.0
644,[957, 412, 773, 836, 647],0.0,0.0
754,[17, 384, 445, 513, 327],0.0,0.0
563,[131, 813, 857, 827, 831],0.0,0.0
654,[621, 540, 822, 796, 742],0.0,0.0
764,[855, 845, 287, 924, 158],0.0,0.0
463,[770, 324, 417, 18, 659],0.0,0.0
664,[790, 123, 811, 712, 981],0.0,0.0
573,[524, 979, 137, 759, 314],0.0,0.0
774,[887, 496, 851, 89, 91],0.0,0.0
784,[621, 407, 216, 715, 859],0.0,0.0
473,[697, 756, 856, 676, 827],0.0,0.0
674,[803, 56, 579, 495, 598],0.0,0.0
583,[486, 874, 694, 116, 696],0.0,0.0
684,[935, 193, 596, 729, 618],0.0,0.0
794,[820, 940, 480, 877, 624],0.0,0.0
483,[329, 883, 766, 436, 264],0.0,0.0
694,[774, 78, 441, 361, 852],0.0,0.0
705,[133, 549, 907, 229, 459],0.0,0.0
593,[957, 728, 14, 413, 26],0.0,0.0
504,[673, 792, 873, 484, 84],0.0,0.0
715,[578, 740, 423, 271, 688],0.0,0.0
605,[310, 539, 178, 349, 299],0.0,0.0
493,[150, 510, 903, 218, 610],0.0,0.0
514,[656, 405, 402, 927, 871],0.0,0.0
404,[278, 921, 875, 233, 931],0.0,0.0
615,[264, 392, 268, 107, 76],0.0,0.0
725,[857, 283, 170, 457, 65],0.0,0.0
524,[830, 480, 668, 492, 732],0.0,0.0
414,[133, 893, 576, 937, 561],0.0,0.0
534,[195, 375, 903, 278, 703],0.0,0.0
735,[728, 801, 570, 464, 49],0.0,0.0
424,[736, 311, 106, 804, 779],0.0,0.0
625,[526, 969, 707, 462, 580],0.0,0.0
544,[712, 793, 153, 545, 278],0.0,0.0
434,[854, 301, 685, 758, 848],0.0,0.0
635,[740, 369, 358, 607, 721],0.0,0.0
554,[447, 407, 818, 712, 45],0.0,0.0
745,[237, 706, 780, 428, 833],0.0,0.0
444,[434, 712, 881, 291, 766],0.0,0.0
564,[222, 629, 839, 533, 133],0.0,0.0
454,[530, 783, 953, 975, 960],0.0,0.0
645,[199, 149, 211, 480, 119],0.0,0.0
755,[769, 602, 405, 288, 825],0.0,0.0
574,[809, 767, 74, 387, 464],0.0,0.0
464,[710, 769, 347, 876, 199],0.0,0.0
584,[993, 318, 564, 438, 643],0.0,0.0
765,[711, 847, 700, 739, 111],0.0,0.0
655,[495, 505, 604, 747, 317],0.0,0.0
474,[579, 223, 315, 391, 329],0.0,0.0
594,[69, 247, 347, 657, 375],0.0,0.0
484,[140, 806, 935, 884, 5],0.0,0.0
665,[283, 830, 630, 940, 274],0.0,0.0
775,[589, 272, 787, 428, 921],0.0,0.0
494,[721, 25, 856, 711, 450],0.0,0.0
785,[848, 449, 520, 907, 313],0.0,0.0
675,[561, 953, 89, 358, 328],0.0,0.0
505,[333, 597, 664, 100, 307],0.0,0.0
795,[424, 398, 265, 226, 442],0.0,0.0
685,[402, 966, 547, 354, 616],0.0,0.0
405,[844, 33, 923, 87, 669],0.0,0.0
706,[114, 260, 232, 581, 752],0.0,0.0
515,[345, 401, 730, 394, 838],0.0,0.0
695,[502, 328, 516, 915, 621],0.0,0.0
716,[450, 609, 112, 452, 741],0.0,0.0
606,[225, 267, 786, 67, 961],0.0,0.0
415,[262, 271, 554, 441, 561],0.0,0.0
726,[934, 31, 400, 264, 777],0.0,0.0
616,[914, 807, 129, 411, 60],0.0,0.0
525,[695, 766, 67, 781, 83],0.0,0.0
736,[280, 794, 609, 1, 491],0.0,0.0
626,[277, 345, 738, 24, 498],0.0,0.0
746,[995, 88, 169, 39, 672],0.0,0.0
636,[723, 269, 599, 128, 23],0.0,0.0
425,[296, 756, 547, 188, 364],0.0,0.0
535,[686, 846, 556, 870, 931],0.0,0.0
756,[45, 342, 574, 983, 243],0.0,0.0
646,[313, 542, 175, 451, 857],0.0,0.0
766,[356, 23, 912, 598, 840],0.0,0.0
656,[683, 514, 27, 80, 200],0.0,0.0
776,[839, 442, 154, 220, 171],0.0,0.0
435,[219, 582, 808, 311, 66],0.0,0.0
545,[484, 627, 637, 581, 294],0.0,0.0
666,[986, 650, 451, 945, 706],0.0,0.0
786,[599, 586, 689, 32, 12],0.0,0.0
676,[915, 599, 158, 122, 476],0.0,0.0
796,[828, 758, 251, 677, 161],0.0,0.0
686,[392, 179, 379, 575, 402],0.0,0.0
555,[696, 316, 641, 965, 454],0.0,0.0
445,[257, 167, 965, 710, 164],0.0,0.0
707,[468, 580, 689, 994, 90],0.0,0.0
696,[45, 438, 181, 974, 322],0.0,0.0
717,[365, 11, 313, 396, 257],0.0,0.0
565,[649, 629, 390, 303, 473],0.0,0.0
607,[288, 304, 234, 894, 741],0.0,0.0
455,[208, 157, 37, 308, 619],0.0,0.0
727,[31, 114, 166, 130, 279],0.0,0.0
617,[2, 730, 401, 567, 217],0.0,0.0
737,[76, 939, 841, 86, 366],0.0,0.0
575,[778, 883, 831, 944, 619],0.0,0.0
627,[620, 148, 693, 470, 394],0.0,0.0
465,[158, 52, 56, 462, 32],0.0,0.0
747,[18, 492, 720, 600, 121],0.0,0.0
637,[225, 220, 446, 932, 647],0.0,0.0
585,[656, 628, 305, 965, 303],0.0,0.0
757,[848, 873, 777, 247, 494],0.0,0.0
647,[146, 635, 521, 260, 843],0.0,0.0
475,[853, 262, 454, 77, 324],0.0,0.0
767,[126, 987, 676, 5, 856],0.0,0.0
595,[44, 222, 366, 322, 343],0.0,0.0
657,[906, 884, 575, 386, 171],0.0,0.0
506,[524, 424, 925, 964, 956],0.0,0.0
777,[383, 42, 328, 180, 653],0.0,0.0
485,[632, 30, 384, 335, 550],0.0,0.0
667,[735, 144, 909, 962, 187],0.0,0.0
516,[433, 516, 593, 969, 658],0.0,0.0
787,[752, 444, 753, 565, 686],0.0,0.0
526,[183, 271, 531, 778, 511],0.0,0.0
536,[532, 616, 617, 280, 741],0.0,0.0
677,[769, 698, 164, 369, 250],0.0,0.0
797,[321, 92, 67, 43, 900],0.0,0.0
546,[396, 531, 388, 73, 90],0.0,0.0
495,[243, 896, 813, 230, 313],0.0,0.0
687,[724, 321, 153, 6, 285],0.0,0.0
556,[32, 395, 764, 495, 976],0.0,0.0
406,[25, 560, 165, 265, 268],0.0,0.0
708,[615, 743, 836, 814, 830],0.0,0.0
416,[132, 202, 279, 394, 834],0.0,0.0
566,[744, 443, 854, 254, 312],0.0,0.0
697,[197, 137, 617, 262, 703],0.0,0.0
426,[275, 922, 468, 309, 876],0.0,0.0
576,[65, 140, 929, 705, 303],0.0,0.0
718,[359, 886, 545, 257, 187],0.0,0.0
436,[357, 722, 937, 133, 222],0.0,0.0
586,[154, 400, 298, 498, 960],0.0,0.0
446,[137, 405, 200, 126, 276],0.0,0.0
608,[182, 251, 137, 260, 339],0.0,0.0
596,[651, 255, 874, 152, 888],0.0,0.0
728,[515, 576, 855, 93, 722],0.0,0.0
456,[332, 797, 188, 353, 605],0.0,0.0
618,[499, 445, 415, 513, 547],0.0,0.0
466,[689, 189, 983, 298, 624],0.0,0.0
738,[783, 915, 248, 209, 480],0.0,0.0
476,[793, 12, 942, 315, 995],0.0,0.0
507,[896, 382, 783, 809, 237],0.0,0.0
486,[168, 131, 982, 827, 470],0.0,0.0
628,[485, 898, 444, 911, 413],0.0,0.0
748,[5, 41, 507, 978, 169],0.0,0.0
496,[786, 925, 46, 928, 997],0.0,0.0
638,[831, 521, 601, 813, 243],0.0,0.0
758,[603, 627, 894, 96, 986],0.0,0.0
517,[996, 495, 487, 468, 857],0.0,0.0
648,[66, 261, 926, 200, 612],0.0,0.0
768,[716, 104, 664, 969, 592],0.0,0.0
407,[633, 24, 107, 778, 419],0.0,0.0
658,[863, 381, 721, 299, 435],0.0,0.0
527,[700, 125, 720, 25, 586],0.0,0.0
778,[36, 742, 592, 507, 422],0.0,0.0
668,[710, 566, 655, 623, 238],0.0,0.0
788,[740, 15, 279, 498, 499],0.0,0.0
417,[656, 704, 456, 746, 470],0.0,0.0
537,[407, 721, 248, 223, 939],0.0,0.0
678,[952, 149, 63, 151, 214],0.0,0.0
798,[913, 950, 746, 470, 469],0.0,0.0
709,[677, 605, 753, 984, 590],0.0,0.0
688,[761, 408, 717, 114, 327],0.0,0.0
427,[166, 436, 762, 75, 898],0.0,0.0
547,[537, 823, 985, 938, 157],0.0,0.0
719,[734, 90, 813, 266, 421],0.0,0.0
698,[513, 142, 799, 925, 150],0.0,0.0
729,[265, 511, 929, 440, 938],0.0,0.0
739,[651, 411, 880, 870, 922],0.0,0.0
609,[82, 782, 746, 556, 275],0.0,0.0
437,[148, 106, 456, 903, 427],0.0,0.0
557,[282, 583, 855, 405, 816],0.0,0.0
619,[971, 87, 334, 484, 931],0.0,0.0
749,[225, 415, 617, 367, 368],0.0,0.0
629,[253, 672, 202, 285, 344],0.0,0.0
759,[266, 479, 149, 525, 252],0.0,0.0
639,[705, 765, 747, 643, 36],0.0,0.0
567,[667, 449, 169, 194, 617],0.0,0.0
447,[217, 542, 354, 166, 195],0.0,0.0
769,[652, 225, 456, 933, 637],0.0,0.0
649,[480, 867, 480, 769, 546],0.0,0.0
779,[499, 417, 593, 641, 971],0.0,0.0
789,[785, 27, 898, 22, 801],0.0,0.0
659,[887, 690, 313, 997, 867],0.0,0.0
577,[834, 547, 100, 475, 449],0.0,0.0
457,[210, 860, 664, 342, 138],0.0,0.0
669,[433, 953, 952, 293, 601],0.0,0.0
799,[48, 942, 483, 648, 87],0.0,0.0
679,[988, 406, 367, 233, 629],0.0,0.0
587,[738, 946, 679, 221, 675],0.0,0.0
689,[605, 362, 334, 764, 14],0.0,0.0
467,[722, 420, 577, 336, 970],0.0,0.0
699,[764, 572, 448, 790, 157],0.0,0.0
597,[658, 245, 951, 241, 827],0.0,0.0
477,[539, 251, 996, 209, 379],0.0,0.0
508,[57, 658, 592, 792, 315],0.0,0.0
487,[852, 344, 741, 815, 530],0.0,0.0
497,[892, 781, 336, 214, 261],0.0,0.0
518,[83, 320, 120, 75, 945],0.0,0.0
528,[315, 734, 757, 265, 876],0.0,0.0
408,[403, 961, 538, 953, 512],0.0,0.0
538,[363, 498, 56, 514, 878],0.0,0.0
418,[468, 519, 356, 941, 236],0.0,0.0
548,[865, 438, 555, 265, 573],0.0,0.0
428,[685, 35, 935, 684, 759],0.0,0.0
558,[208, 3, 538, 192, 367],0.0,0.0
438,[494, 927, 970, 437, 916],0.0,0.0
568,[77, 464, 561, 375, 946],0.0,0.0
448,[213, 590, 752, 747, 99],0.0,0.0
578,[947, 405, 558, 597, 570],0.0,0.0
458,[243, 606, 466, 967, 473],0.0,0.0
588,[302, 355, 305, 34, 716],0.0,0.0
468,[60, 657, 123, 621, 627],0.0,0.0
598,[428, 610, 852, 456, 148],0.0,0.0
509,[896, 213, 953, 52, 123],0.0,0.0
519,[603, 204, 817, 474, 622],0.0,0.0
478,[273, 962, 403, 963, 237],0.0,0.0
529,[703, 779, 521, 677, 565],0.0,0.0
539,[987, 139, 432, 678, 346],0.0,0.0
549,[395, 861, 667, 552, 257],0.0,0.0
488,[239, 849, 40, 913, 9],0.0,0.0
559,[151, 181, 1, 737, 883],0.0,0.0
569,[461, 796, 450, 614, 131],0.0,0.0
579,[346, 683, 822, 7, 125],0.0,0.0
589,[881, 653, 637, 218, 287],0.0,0.0
498,[9, 188, 466, 863, 483],0.0,0.0
599,[431, 943, 489, 704, 242],0.0,0.0
409,[622, 915, 701, 361, 134],0.0,0.0
419,[505, 741, 628, 329, 809],0.0,0.0
429,[957, 216, 375, 371, 42],0.0,0.0
439,[327, 715, 935, 791, 883],0.0,0.0
449,[236, 503, 843, 13, 227],0.0,0.0
459,[932, 363, 956, 656, 888],0.0,0.0
469,[828, 579, 933, 624, 803],0.0,0.0
479,[221, 693, 237, 907, 104],0.0,0.0
489,[75, 576, 425, 998, 797],0.0,0.0
499,[143, 781, 613, 629, 715],0.0,0.0
700,[335, 209, 183, 383, 890],0.0,0.0
600,[464, 925, 223, 946, 392],0.0,0.0
710,[635, 504, 704, 61, 447],0.0,0.0
610,[147, 740, 451, 468, 640],0.0,0.0
720,[692, 36, 944, 463, 605],0.0,0.0
620,[612, 181, 286, 333, 303],0.0,0.0
730,[722, 724, 452, 78, 108],0.0,0.0
630,[938, 843, 99, 656, 484],0.0,0.0
740,[971, 997, 969, 493, 709],0.0,0.0
640,[11, 495, 982, 611, 574],0.0,0.0
750,[901, 162, 735, 99, 31],0.0,0.0
760,[276, 779, 408, 361, 223],0.0,0.0
650,[503, 357, 811, 894, 909],0.0,0.0
660,[821, 264, 547, 512, 971],0.0,0.0
770,[481, 683, 862, 423, 726],0.0,0.0
780,[966, 857, 749, 777, 554],0.0,0.0
670,[855, 688, 650, 831, 323],0.0,0.0
790,[786, 723, 85, 993, 871],0.0,0.0
680,[580, 33, 407, 672, 281],0.0,0.0
701,[886, 335, 448, 48, 902],0.0,0.0
690,[740, 78, 177, 655, 737],0.0,0.0
711,[849, 793, 389, 260, 783],0.0,0.0
601,[137, 772, 562, 540, 406],0.0,0.0
721,[889, 724, 217, 627, 776],0.0,0.0
611,[987, 707, 157, 380, 144],0.0,0.0
731,[647, 578, 798, 983, 531],0.0,0.0
621,[173, 168, 77, 386, 189],0.0,0.0
741,[408, 534, 606, 362, 423],0.0,0.0
631,[114, 372, 90, 743, 948],0.0,0.0
751,[782, 810, 680, 248, 727],0.0,0.0
641,[613, 341, 920, 671, 485],0.0,0.0
761,[81, 894, 311, 900, 727],0.0,0.0
651,[365, 290, 249, 321, 535],0.0,0.0
771,[392, 800, 925, 676, 40],0.0,0.0
661,[930, 717, 112, 495, 830],0.0,0.0
781,[93, 646, 460, 222, 115],0.0,0.0
671,[828, 529, 352, 776, 910],0.0,0.0
791,[808, 827, 805, 284, 553],0.0,0.0
681,[797, 170, 251, 16, 333],0.0,0.0
702,[557, 634, 488, 606, 313],0.0,0.0
712,[716, 67, 786, 33, 533],0.0,0.0
691,[876, 18, 670, 961, 353],0.0,0.0
722,[121, 378, 8, 586, 453],0.0,0.0
602,[309, 949, 983, 686, 818],0.0,0.0
732,[63, 935, 654, 713, 347],0.0,0.0
612,[885, 110, 771, 767, 191],0.0,0.0
742,[448, 933, 41, 415, 43],0.0,0.0
622,[903, 200, 103, 375, 575],0.0,0.0
632,[794, 189, 557, 980, 204],0.0,0.0
752,[560, 203, 596, 105, 743],0.0,0.0
642,[782, 226, 916, 56, 766],0.0,0.0
762,[650, 145, 551, 192, 982],0.0,0.0
652,[626, 30, 178, 140, 320],0.0,0.0
772,[632, 958, 360, 91, 883],0.0,0.0
662,[222, 435, 258, 75, 183],0.0,0.0
782,[741, 799, 401, 260, 352],0.0,0.0
792,[57, 692, 624, 208, 937],0.0,0.0
672,[444, 603, 275, 399, 764],0.0,0.0
682,[354, 87, 673, 431, 356],0.0,0.0
692,[287, 648, 183, 829, 602],0.0,0.0
703,[548, 38, 641, 174, 806],0.0,0.0
713,[948, 331, 489, 773, 669],0.0,0.0
603,[796, 705, 437, 887, 74],0.0,0.0
723,[282, 714, 918, 837, 179],0.0,0.0
613,[894, 305, 108, 334, 775],0.0,0.0
733,[286, 160, 899, 392, 587],0.0,0.0
623,[390, 272, 738, 509, 979],0.0,0.0
743,[115, 565, 404, 575, 290],0.0,0.0
633,[775, 317, 48, 269, 812],0.0,0.0
753,[218, 939, 226, 347, 486],0.0,0.0
643,[394, 138, 794, 68, 930],0.0,0.0
763,[475, 689, 826, 277, 455],0.0,0.0
653,[616, 952, 49, 194, 775],0.0,0.0
773,[942, 992, 46, 634, 251],0.0,0.0
663,[375, 824, 261, 291, 550],0.0,0.0
783,[433, 432, 551, 404, 563],0.0,0.0
673,[600, 7, 472, 141, 343],0.0,0.0
793,[296, 772, 518, 118, 435],0.0,0.0
704,[828, 515, 620, 684, 436],0.0,0.0
714,[522, 624, 989, 293, 500],0.0,0.0
683,[440, 921, 360, 930, 231],0.0,0.0
724,[187, 778, 302, 352, 915],0.0,0.0
734,[956, 285, 754, 860, 559],0.0,0.0
693,[94, 652, 285, 931, 579],0.0,0.0
744,[43, 460, 662, 926, 384],0.0,0.0
604,[748, 12, 383, 555, 693],0.0,0.0
754,[281, 658, 69, 598, 51],0.0,0.0
614,[740, 53, 804, 245, 10],0.0,0.0
764,[70, 511, 448, 370, 969],0.0,0.0
624,[629, 727, 189, 435, 736],0.0,0.0
774,[658, 534, 905, 945, 642],0.0,0.0
634,[772, 626, 978, 156, 873],0.0,0.0
784,[220, 49, 858, 9, 198],0.0,0.0
644,[331, 294, 722, 347, 802],0.0,0.0
794,[580, 805, 149, 708, 726],0.0,0.0
654,[165, 831, 56, 729, 137],0.0,0.0
664,[340, 72, 513, 699, 101],0.0,0.0
674,[155, 687, 94, 732, 689],0.0,0.0
705,[739, 870, 835, 643, 447],0.0,0.0
684,[889, 269, 415, 102, 39],0.0,0.0
694,[712, 33, 109, 191, 57],0.0,0.0
715,[231, 50, 307, 558, 57],0.0,0.0
605,[498, 469, 638, 690, 621],0.0,0.0
725,[928, 811, 93, 515, 688],0.0,0.0
615,[159, 408, 598, 620, 341],0.0,0.0
735,[125, 854, 613, 785, 203],0.0,0.0
745,[188, 225, 935, 20, 801],0.0,0.0
625,[567, 653, 872, 113, 239],0.0,0.0
755,[343, 643, 727, 415, 223],0.0,0.0
635,[92, 446, 90, 785, 224],0.0,0.0
765,[332, 945, 221, 903, 741],0.0,0.0
645,[455, 327, 39, 25, 708],0.0,0.0
775,[258, 85, 462, 239, 385],0.0,0.0
655,[110, 241, 737, 306, 907],0.0,0.0
785,[972, 91, 778, 781, 154],0.0,0.0
665,[213, 306, 55, 489, 111],0.0,0.0
795,[436, 152, 654, 404, 733],0.0,0.0
706,[409, 248, 903, 577, 194],0.0,0.0
716,[595, 149, 771, 412, 717],0.0,0.0
675,[792, 405, 709, 791, 381],0.0,0.0
726,[991, 478, 626, 372, 866],0.0,0.0
736,[997, 489, 559, 167, 886],0.0,0.0
746,[89, 322, 759, 94, 750],0.0,0.0
685,[612, 560, 765, 777, 94],0.0,0.0
756,[292, 30, 820, 351, 313],0.0,0.0
766,[241, 962, 967, 67, 372],0.0,0.0
776,[64, 237, 627, 786, 788],0.0,0.0
786,[769, 660, 1, 145, 168],0.0,0.0
695,[915, 832, 672, 841, 492],0.0,0.0
796,[514, 878, 922, 953, 472],0.0,0.0
606,[935, 813, 949, 262, 156],0.0,0.0
616,[811, 507, 432, 403, 256],0.0,0.0
626,[515, 372, 198, 782, 266],0.0,0.0
636,[300, 408, 109, 914, 5],0.0,0.0
707,[268, 300, 208, 14, 697],0.0,0.0
646,[687, 671, 187, 142, 268],0.0,0.0
656,[748, 457, 419, 322, 421],0.0,0.0
666,[916, 978, 624, 854, 399],0.0,0.0
717,[198, 543, 548, 837, 842],0.0,0.0
676,[785, 373, 362, 834, 84],0.0,0.0
686,[383, 546, 45, 19, 13],0.0,0.0
696,[702, 612, 866, 591, 386],0.0,0.0
727,[554, 133, 708, 259, 777],0.0,0.0
607,[807, 699, 169, 470, 578],0.0,0.0
737,[563, 713, 597, 366, 783],0.0,0.0
747,[891, 380, 545, 772, 558],0.0,0.0
617,[660, 685, 442, 28, 911],0.0,0.0
757,[568, 503, 726, 61, 997],0.0,0.0
627,[403, 60, 124, 55, 435],0.0,0.0
767,[665, 22, 586, 737, 883],0.0,0.0
637,[150, 942, 532, 207, 367],0.0,0.0
777,[165, 18, 69, 822, 22],0.0,0.0
647,[843, 830, 336, 320, 837],0.0,0.0
787,[110, 823, 158, 77, 647],0.0,0.0
657,[171, 979, 931, 454, 58],0.0,0.0
797,[522, 89, 670, 471, 405],0.0,0.0
667,[609, 471, 363, 11, 989],0.0,0.0
708,[582, 905, 595, 485, 537],0.0,0.0
677,[918, 15, 833, 644, 806],0.0,0.0
718,[81, 457, 519, 159, 983],0.0,0.0
687,[189, 296, 880, 873, 561],0.0,0.0
728,[218, 437, 548, 408, 478],0.0,0.0
697,[781, 578, 251, 155, 581],0.0,0.0
738,[171, 931, 759, 220, 948],0.0,0.0
608,[84, 209, 291, 825, 169],0.0,0.0
748,[378, 377, 722, 313, 886],0.0,0.0
618,[920, 571, 248, 210, 479],0.0,0.0
758,[39, 481, 948, 749, 123],0.0,0.0
628,[966, 67, 199, 983, 448],0.0,0.0
768,[933, 886, 594, 872, 214],0.0,0.0
638,[914, 796, 365, 892, 589],0.0,0.0
778,[75, 570, 34, 436, 105],0.0,0.0
648,[166, 825, 524, 448, 154],0.0,0.0
788,[894, 620, 594, 196, 492],0.0,0.0
658,[162, 678, 193, 166, 629],0.0,0.0
798,[677, 284, 329, 494, 906],0.0,0.0
709,[348, 957, 397, 626, 204],0.0,0.0
719,[761, 475, 844, 329, 515],0.0,0.0
729,[120, 642, 305, 659, 684],0.0,0.0
668,[57, 145, 826, 994, 123],0.0,0.0
739,[994, 789, 940, 144, 603],0.0,0.0
749,[656, 417, 389, 357, 929],0.0,0.0
759,[101, 236, 148, 153, 228],0.0,0.0
678,[70, 591, 992, 963, 453],0.0,0.0
769,[925, 709, 369, 356, 322],0.0,0.0
779,[372, 56, 121, 435, 999],0.0,0.0
789,[788, 608, 977, 685, 866],0.0,0.0
799,[920, 849, 633, 668, 160],0.0,0.0
688,[374, 350, 5, 779, 140],0.0,0.0
698,[354, 882, 397, 933, 55],0.0,0.0
609,[555, 380, 217, 361, 997],0.0,0.0
619,[444, 950, 273, 679, 308],0.0,0.0
629,[884, 56, 69, 497, 535],0.0,0.0
639,[367, 840, 592, 257, 952],0.0,0.0
649,[252, 177, 917, 884, 817],0.0,0.0
659,[18, 331, 265, 924, 970],0.0,0.0
669,[409, 653, 482, 768, 802],0.0,0.0
679,[827, 889, 999, 914, 322],0.0,0.0
689,[555, 15, 254, 3, 825],0.0,0.0
699,[993, 930, 649, 541, 482],0.0,0.0
0,[689, 108, 803, 819, 332],0.0,0.0
10,[611, 386, 298, 540, 52],0.0,0.0
20,[356, 587, 462, 967, 237],0.0,0.0
30,[918, 159, 16, 214, 758],0.0,0.0
40,[45, 118, 584, 165, 864],0.0,0.0
1,[721, 178, 258, 335, 112],0.0,0.0
11,[880, 849, 368, 792, 569],0.0,0.0
21,[518, 865, 310, 997, 844],0.0,0.0
31,[873, 92, 724, 74, 363],0.0,0.0
41,[158, 200, 920, 822, 266],0.0,0.0
2,[741, 156, 828, 839, 999],0.0,0.0
12,[945, 10, 717, 642, 267],0.0,0.0
22,[783, 633, 671, 421, 140],0.0,0.0
32,[583, 467, 72, 138, 134],0.0,0.0
42,[618, 593, 916, 190, 199],0.0,0.0
3,[686, 411, 241, 816, 273],0.0,0.0
13,[586, 310, 881, 852, 423],0.0,0.0
23,[656, 481, 904, 54, 577],0.0,0.0
33,[679, 32, 806, 47, 166],0.0,0.0
43,[266, 880, 968, 553, 209],0.0,0.0
4,[82, 395, 169, 103, 608],0.0,0.0
14,[783, 103, 813, 740, 307],0.0,0.0
24,[112, 419, 965, 64, 28],0.0,0.0
34,[24, 742, 894, 175, 159],0.0,0.0
44,[981, 304, 812, 50, 722],0.0,0.0
5,[250, 966, 532, 686, 266],0.0,0.0
15,[303, 266, 467, 537, 282],0.0,0.0
25,[861, 777, 883, 619, 45],0.0,0.0
35,[403, 633, 206, 856, 475],0.0,0.0
45,[27, 553, 76, 694, 363],0.0,0.0
6,[102, 485, 105, 243, 138],0.0,0.0
16,[179, 662, 845, 116, 490],0.0,0.0
26,[596, 928, 1, 321, 908],0.0,0.0
36,[295, 537, 980, 739, 322],0.0,0.0
46,[989, 774, 232, 931, 682],0.0,0.0
7,[555, 686, 57, 338, 448],0.0,0.0
17,[591, 32, 181, 343, 94],0.0,0.0
27,[409, 249, 159, 506, 861],0.0,0.0
37,[727, 141, 841, 660, 679],0.0,0.0
47,[157, 526, 164, 206, 442],0.0,0.0
8,[748, 265, 558, 884, 763],0.0,0.0
18,[441, 812, 87, 518, 639],0.0,0.0
28,[965, 693, 770, 81, 941],0.0,0.0
38,[232, 284, 488, 110, 947],0.0,0.0
48,[985, 412, 505, 830, 726],0.0,0.0
9,[79, 336, 932, 537, 871],0.0,0.0
19,[204, 534, 441, 496, 676],0.0,0.0
29,[774, 902, 277, 528, 208],0.0,0.0
39,[159, 798, 709, 240, 966],0.0,0.0
49,[685, 882, 264, 794, 631],0.0,0.0
800,[242, 344, 236, 816, 917],0.0,0.0
900,[63, 466, 593, 39, 641],0.0,0.0
810,[195, 519, 356, 489, 886],0.0,0.0
910,[661, 761, 419, 477, 597],0.0,0.0
820,[527, 514, 945, 554, 721],0.0,0.0
920,[982, 884, 250, 997, 123],0.0,0.0
1000,[341, 194, 825, 222, 729],0.0,0.0
830,[634, 918, 515, 486, 464],0.0,0.0
1100,[350, 807, 122, 887, 62],0.0,0.0
930,[901, 594, 193, 138, 822],0.0,0.0
1010,[700, 57, 728, 690, 708],0.0,0.0
1110,[141, 441, 930, 382, 250],0.0,0.0
840,[11, 328, 253, 11, 645],0.0,0.0
940,[49, 213, 983, 576, 879],0.0,0.0
1020,[208, 394, 717, 65, 631],0.0,0.0
1120,[988, 603, 258, 345, 962],0.0,0.0
1030,[637, 116, 561, 717, 766],0.0,0.0
850,[492, 722, 25, 499, 740],0.0,0.0
1130,[926, 408, 754, 653, 650],0.0,0.0
950,[300, 123, 717, 361, 106],0.0,0.0
1040,[994, 50, 585, 142, 991],0.0,0.0
860,[954, 765, 436, 432, 206],0.0,0.0
1140,[161, 298, 210, 529, 386],0.0,0.0
960,[820, 463, 898, 881, 128],0.0,0.0
870,[723, 590, 665, 766, 19],0.0,0.0
1050,[354, 80, 797, 946, 239],0.0,0.0
970,[550, 990, 396, 772, 872],0.0,0.0
1150,[202, 203, 927, 618, 188],0.0,0.0
880,[674, 333, 659, 791, 765],0.0,0.0
1060,[120, 745, 128, 357, 324],0.0,0.0
980,[585, 640, 752, 649, 436],0.0,0.0
1160,[874, 619, 906, 458, 466],0.0,0.0
890,[303, 376, 984, 12, 559],0.0,0.0
1070,[454, 559, 794, 753, 311],0.0,0.0
1170,[234, 551, 913, 347, 971],0.0,0.0
990,[917, 664, 630, 302, 314],0.0,0.0
1080,[174, 497, 471, 196, 100],0.0,0.0
1180,[64, 446, 678, 841, 419],0.0,0.0
801,[267, 349, 33, 720, 987],0.0,0.0
901,[717, 158, 848, 641, 681],0.0,0.0
811,[83, 786, 378, 482, 102],0.0,0.0
1090,[205, 938, 51, 846, 992],0.0,0.0
1190,[596, 757, 86, 865, 566],0.0,0.0
911,[84, 385, 916, 201, 286],0.0,0.0
821,[997, 825, 875, 241, 702],0.0,0.0
1001,[573, 866, 855, 591, 167],0.0,0.0
1101,[59, 939, 471, 171, 946],0.0,0.0
921,[355, 783, 931, 253, 983],0.0,0.0
831,[577, 176, 514, 765, 409],0.0,0.0
1011,[911, 101, 482, 89, 585],0.0,0.0
1111,[856, 59, 11, 26, 878],0.0,0.0
931,[196, 752, 220, 577, 71],0.0,0.0
841,[174, 425, 654, 39, 770],0.0,0.0
1021,[904, 940, 934, 86, 933],0.0,0.0
1121,[847, 771, 775, 55, 502],0.0,0.0
941,[920, 441, 800, 596, 455],0.0,0.0
1031,[385, 988, 788, 316, 387],0.0,0.0
1131,[729, 702, 709, 243, 765],0.0,0.0
851,[868, 812, 262, 331, 251],0.0,0.0
951,[726, 806, 12, 340, 848],0.0,0.0
1041,[696, 492, 462, 811, 104],0.0,0.0
1141,[164, 146, 782, 962, 221],0.0,0.0
861,[164, 477, 851, 580, 17],0.0,0.0
961,[183, 195, 783, 163, 2],0.0,0.0
1051,[152, 782, 741, 444, 178],0.0,0.0
871,[226, 600, 286, 270, 611],0.0,0.0
1151,[194, 784, 56, 483, 187],0.0,0.0
971,[506, 457, 282, 362, 744],0.0,0.0
1061,[846, 116, 595, 489, 873],0.0,0.0
1161,[63, 441, 393, 448, 749],0.0,0.0
881,[399, 585, 251, 209, 919],0.0,0.0
981,[127, 333, 7, 641, 998],0.0,0.0
1071,[246, 478, 15, 69, 800],0.0,0.0
1171,[21, 677, 294, 213, 999],0.0,0.0
891,[291, 422, 469, 783, 814],0.0,0.0
991,[57, 937, 856, 746, 273],0.0,0.0
1081,[929, 134, 350, 175, 437],0.0,0.0
1181,[272, 164, 587, 293, 956],0.0,0.0
802,[799, 825, 351, 264, 41],0.0,0.0
902,[423, 216, 153, 830, 806],0.0,0.0
1091,[833, 975, 666, 303, 948],0.0,0.0
812,[598, 387, 243, 970, 591],0.0,0.0
1191,[476, 217, 178, 655, 209],0.0,0.0
912,[127, 338, 385, 75, 19],0.0,0.0
1002,[641, 370, 431, 369, 893],0.0,0.0
1102,[156, 630, 412, 514, 335],0.0,0.0
822,[115, 145, 200, 619, 118],0.0,0.0
922,[69, 936, 291, 137, 158],0.0,0.0
1012,[365, 229, 677, 948, 162],0.0,0.0
1112,[414, 436, 561, 979, 83],0.0,0.0
832,[236, 696, 638, 850, 13],0.0,0.0
932,[385, 756, 599, 259, 547],0.0,0.0
1022,[543, 116, 182, 488, 663],0.0,0.0
1122,[429, 955, 831, 928, 895],0.0,0.0
842,[431, 580, 364, 55, 616],0.0,0.0
942,[600, 797, 307, 475, 472],0.0,0.0
1032,[102, 922, 580, 822, 413],0.0,0.0
1132,[664, 62, 878, 456, 685],0.0,0.0
852,[823, 565, 719, 338, 831],0.0,0.0
1042,[43, 816, 68, 622, 108],0.0,0.0
952,[110, 521, 575, 123, 567],0.0,0.0
1142,[765, 961, 496, 407, 960],0.0,0.0
862,[839, 663, 560, 212, 428],0.0,0.0
962,[161, 320, 82, 373, 895],0.0,0.0
1052,[869, 195, 451, 664, 667],0.0,0.0
1152,[399, 101, 600, 476, 975],0.0,0.0
872,[812, 279, 454, 835, 245],0.0,0.0
1062,[949, 363, 756, 989, 323],0.0,0.0
972,[455, 286, 331, 830, 619],0.0,0.0
1162,[798, 132, 889, 529, 277],0.0,0.0
882,[438, 433, 375, 240, 806],0.0,0.0
982,[962, 660, 650, 851, 384],0.0,0.0
1072,[60, 110, 684, 224, 641],0.0,0.0
1172,[193, 367, 878, 54, 601],0.0,0.0
892,[106, 802, 977, 601, 579],0.0,0.0
1082,[148, 443, 847, 243, 845],0.0,0.0
992,[834, 777, 404, 647, 657],0.0,0.0
1182,[824, 308, 394, 916, 907],0.0,0.0
803,[411, 776, 602, 84, 299],0.0,0.0
1092,[827, 334, 875, 721, 627],0.0,0.0
903,[49, 645, 215, 848, 652],0.0,0.0
1192,[379, 565, 429, 212, 482],0.0,0.0
813,[272, 293, 508, 313, 899],0.0,0.0
913,[76, 471, 557, 61, 429],0.0,0.0
1003,[774, 101, 529, 783, 373],0.0,0.0
1103,[143, 326, 245, 710, 426],0.0,0.0
823,[875, 304, 690, 163, 160],0.0,0.0
1013,[526, 471, 197, 594, 48],0.0,0.0
1113,[262, 209, 572, 142, 383],0.0,0.0
923,[460, 153, 29, 825, 983],0.0,0.0
833,[198, 147, 173, 892, 696],0.0,0.0
933,[955, 386, 106, 648, 633],0.0,0.0
1023,[496, 421, 119, 842, 22],0.0,0.0
1123,[130, 153, 204, 785, 979],0.0,0.0
843,[979, 74, 263, 399, 922],0.0,0.0
1033,[221, 176, 931, 123, 573],0.0,0.0
1133,[922, 611, 252, 77, 197],0.0,0.0
943,[123, 53, 526, 726, 69],0.0,0.0
1043,[396, 545, 305, 36, 289],0.0,0.0
853,[493, 186, 877, 705, 409],0.0,0.0
1143,[91, 525, 34, 118, 940],0.0,0.0
1400,[379, 449, 994, 408, 684],0.0,0.0
953,[392, 198, 983, 923, 317],0.0,0.0
863,[405, 104, 948, 504, 257],0.0,0.0
1410,[517, 717, 65, 420, 453],0.0,0.0
1053,[165, 67, 351, 512, 316],0.0,0.0
963,[317, 562, 501, 729, 795],0.0,0.0
1153,[819, 554, 139, 644, 759],0.0,0.0
1420,[571, 90, 994, 886, 510],0.0,0.0
1063,[668, 556, 579, 540, 626],0.0,0.0
873,[942, 993, 345, 299, 121],0.0,0.0
1163,[744, 8, 464, 351, 122],0.0,0.0
973,[147, 31, 849, 269, 616],0.0,0.0
1430,[101, 534, 313, 868, 500],0.0,0.0
883,[883, 114, 683, 121, 46],0.0,0.0
1073,[75, 673, 340, 648, 866],0.0,0.0
983,[632, 146, 357, 428, 778],0.0,0.0
1173,[769, 693, 337, 141, 252],0.0,0.0
1440,[74, 525, 656, 668, 475],0.0,0.0
1083,[502, 672, 455, 189, 317],0.0,0.0
1500,[236, 4, 671, 467, 98],0.0,0.0
893,[123, 895, 210, 958, 196],0.0,0.0
1183,[584, 98, 266, 172, 689],0.0,0.0
993,[926, 228, 396, 62, 376],0.0,0.0
1450,[30, 671, 562, 285, 521],0.0,0.0
1510,[954, 768, 626, 136, 277],0.0,0.0
804,[688, 199, 245, 220, 341],0.0,0.0
1093,[475, 515, 353, 38, 429],0.0,0.0
1460,[635, 399, 356, 607, 920],0.0,0.0
1193,[4, 160, 645, 979, 39],0.0,0.0
1520,[512, 91, 566, 929, 88],0.0,0.0
904,[939, 487, 810, 204, 125],0.0,0.0
814,[743, 509, 440, 508, 894],0.0,0.0
1530,[262, 240, 910, 5, 654],0.0,0.0
1470,[233, 686, 13, 753, 933],0.0,0.0
1004,[716, 540, 178, 997, 814],0.0,0.0
914,[90, 84, 532, 249, 950],0.0,0.0
1104,[398, 423, 495, 184, 308],0.0,0.0
1480,[572, 298, 19, 993, 883],0.0,0.0
1014,[598, 467, 375, 560, 378],0.0,0.0
1540,[207, 417, 151, 725, 644],0.0,0.0
824,[615, 456, 594, 74, 482],0.0,0.0
1114,[482, 309, 271, 185, 929],0.0,0.0
924,[461, 725, 131, 433, 154],0.0,0.0
834,[342, 140, 963, 410, 961],0.0,0.0
1490,[43, 739, 728, 852, 680],0.0,0.0
1200,[713, 169, 600, 70, 86],0.0,0.0
1550,[446, 650, 643, 249, 754],0.0,0.0
1024,[288, 191, 889, 605, 365],0.0,0.0
934,[363, 115, 517, 396, 952],0.0,0.0
1124,[6, 281, 698, 416, 662],0.0,0.0
1210,[211, 866, 997, 81, 36],0.0,0.0
1401,[523, 574, 801, 155, 628],0.0,0.0
1560,[407, 142, 754, 669, 387],0.0,0.0
1034,[534, 641, 995, 349, 41],0.0,0.0
844,[248, 906, 294, 710, 210],0.0,0.0
1134,[299, 402, 690, 625, 976],0.0,0.0
944,[242, 320, 560, 828, 322],0.0,0.0
1411,[176, 480, 113, 846, 944],0.0,0.0
1220,[517, 34, 862, 647, 256],0.0,0.0
1570,[248, 568, 509, 971, 430],0.0,0.0
1300,[182, 227, 414, 621, 887],0.0,0.0
1044,[975, 543, 506, 108, 93],0.0,0.0
1144,[442, 518, 218, 174, 185],0.0,0.0
854,[494, 755, 795, 996, 467],0.0,0.0
1230,[363, 732, 920, 386, 872],0.0,0.0
1421,[408, 888, 45, 313, 913],0.0,0.0
954,[991, 235, 6, 678, 68],0.0,0.0
1580,[92, 679, 502, 647, 240],0.0,0.0
1310,[485, 327, 839, 773, 486],0.0,0.0
864,[332, 174, 904, 378, 651],0.0,0.0
1431,[404, 889, 180, 364, 899],0.0,0.0
1054,[173, 610, 324, 802, 999],0.0,0.0
1154,[35, 380, 499, 889, 535],0.0,0.0
1240,[463, 764, 473, 815, 582],0.0,0.0
964,[444, 943, 621, 769, 509],0.0,0.0
1590,[286, 925, 20, 331, 965],0.0,0.0
1320,[647, 348, 194, 31, 721],0.0,0.0
1441,[552, 732, 622, 552, 781],0.0,0.0
1164,[723, 916, 616, 255, 291],0.0,0.0
1064,[54, 778, 258, 544, 145],0.0,0.0
874,[452, 487, 368, 930, 531],0.0,0.0
1330,[279, 153, 704, 846, 860],0.0,0.0
1501,[554, 366, 425, 564, 939],0.0,0.0
1250,[52, 747, 384, 916, 465],0.0,0.0
974,[237, 199, 778, 774, 604],0.0,0.0
1451,[387, 25, 334, 793, 169],0.0,0.0
1511,[216, 679, 823, 256, 559],0.0,0.0
884,[116, 845, 470, 844, 823],0.0,0.0
1260,[883, 975, 765, 438, 480],0.0,0.0
1340,[287, 995, 828, 20, 829],0.0,0.0
1074,[474, 703, 635, 328, 660],0.0,0.0
1174,[775, 750, 799, 906, 933],0.0,0.0
984,[689, 437, 501, 281, 166],0.0,0.0
1461,[691, 894, 179, 744, 382],0.0,0.0
1521,[359, 115, 961, 798, 405],0.0,0.0
1084,[100, 453, 74, 513, 517],0.0,0.0
1184,[180, 840, 388, 552, 115],0.0,0.0
1270,[818, 119, 528, 834, 423],0.0,0.0
894,[100, 498, 183, 885, 701],0.0,0.0
1350,[956, 275, 682, 277, 64],0.0,0.0
1471,[148, 140, 820, 401, 244],0.0,0.0
1531,[162, 736, 793, 455, 711],0.0,0.0
994,[761, 64, 866, 383, 227],0.0,0.0
1280,[280, 495, 503, 207, 185],0.0,0.0
1481,[281, 196, 153, 173, 184],0.0,0.0
1360,[629, 278, 848, 255, 703],0.0,0.0
1541,[580, 826, 227, 331, 508],0.0,0.0
1094,[426, 64, 507, 341, 30],0.0,0.0
1194,[776, 64, 677, 402, 469],0.0,0.0
805,[648, 390, 286, 973, 256],0.0,0.0
1290,[534, 966, 345, 134, 519],0.0,0.0
905,[622, 47, 936, 446, 167],0.0,0.0
1491,[557, 411, 390, 437, 247],0.0,0.0
1551,[763, 736, 108, 479, 716],0.0,0.0
1370,[901, 560, 943, 111, 651],0.0,0.0
815,[33, 394, 209, 20, 30],0.0,0.0
1005,[587, 126, 766, 58, 830],0.0,0.0
1105,[54, 993, 401, 166, 605],0.0,0.0
1201,[748, 552, 681, 170, 168],0.0,0.0
1561,[396, 550, 594, 648, 641],0.0,0.0
915,[875, 691, 664, 138, 898],0.0,0.0
1380,[574, 720, 152, 411, 618],0.0,0.0
1402,[837, 507, 734, 263, 476],0.0,0.0
1115,[204, 983, 496, 311, 124],0.0,0.0
1015,[717, 951, 775, 99, 174],0.0,0.0
1211,[643, 203, 726, 776, 172],0.0,0.0
1412,[162, 234, 708, 730, 930],0.0,0.0
825,[497, 613, 938, 752, 561],0.0,0.0
1571,[641, 318, 633, 253, 316],0.0,0.0
1390,[720, 571, 708, 298, 114],0.0,0.0
925,[275, 377, 704, 380, 973],0.0,0.0
1221,[747, 777, 871, 674, 133],0.0,0.0
1422,[818, 890, 290, 394, 271],0.0,0.0
1581,[923, 235, 459, 377, 317],0.0,0.0
1125,[138, 653, 681, 215, 491],0.0,0.0
1025,[310, 452, 138, 251, 713],0.0,0.0
835,[159, 189, 967, 329, 216],0.0,0.0
1301,[576, 590, 942, 648, 35],0.0,0.0
935,[199, 993, 588, 47, 940],0.0,0.0
1231,[455, 495, 669, 451, 135],0.0,0.0
1432,[235, 179, 289, 625, 450],0.0,0.0
1591,[253, 598, 616, 503, 520],0.0,0.0
1135,[346, 724, 112, 249, 631],0.0,0.0
1035,[174, 972, 581, 533, 814],0.0,0.0
1311,[609, 737, 724, 85, 173],0.0,0.0
845,[633, 176, 673, 206, 852],0.0,0.0
1442,[380, 519, 910, 319, 991],0.0,0.0
1241,[603, 8, 414, 331, 372],0.0,0.0
945,[760, 366, 332, 170, 723],0.0,0.0
1502,[463, 737, 113, 751, 365],0.0,0.0
1321,[120, 778, 392, 589, 972],0.0,0.0
1145,[344, 177, 174, 32, 472],0.0,0.0
1045,[585, 752, 548, 541, 694],0.0,0.0
1452,[608, 236, 437, 557, 861],0.0,0.0
1251,[733, 504, 401, 983, 12],0.0,0.0
1512,[66, 580, 936, 555, 278],0.0,0.0
1331,[492, 822, 580, 156, 649],0.0,0.0
855,[672, 633, 33, 525, 202],0.0,0.0
955,[870, 413, 955, 168, 199],0.0,0.0
1462,[106, 998, 162, 289, 436],0.0,0.0
1261,[979, 104, 566, 189, 972],0.0,0.0
1522,[300, 499, 627, 79, 414],0.0,0.0
1155,[973, 911, 407, 137, 807],0.0,0.0
1341,[710, 790, 544, 720, 807],0.0,0.0
1055,[879, 290, 265, 695, 764],0.0,0.0
865,[156, 130, 12, 149, 748],0.0,0.0
1532,[685, 264, 47, 993, 356],0.0,0.0
1472,[287, 188, 201, 144, 954],0.0,0.0
965,[676, 448, 715, 638, 841],0.0,0.0
1271,[728, 139, 504, 996, 5],0.0,0.0
1351,[326, 218, 305, 781, 399],0.0,0.0
1165,[651, 486, 398, 919, 104],0.0,0.0
1065,[717, 587, 92, 462, 556],0.0,0.0
1482,[463, 177, 570, 680, 884],0.0,0.0
1281,[10, 353, 138, 590, 150],0.0,0.0
1542,[938, 215, 900, 535, 982],0.0,0.0
875,[397, 869, 195, 206, 437],0.0,0.0
1361,[682, 509, 940, 895, 785],0.0,0.0
975,[420, 907, 606, 146, 652],0.0,0.0
1492,[301, 918, 366, 74, 835],0.0,0.0
1552,[515, 616, 85, 256, 607],0.0,0.0
1175,[472, 576, 57, 483, 497],0.0,0.0
1291,[978, 461, 299, 864, 620],0.0,0.0
1075,[828, 824, 136, 204, 879],0.0,0.0
1371,[128, 37, 442, 69, 957],0.0,0.0
885,[584, 325, 710, 869, 821],0.0,0.0
985,[205, 699, 128, 427, 958],0.0,0.0
1562,[186, 107, 388, 480, 180],0.0,0.0
1202,[118, 870, 89, 427, 741],0.0,0.0
1185,[364, 464, 12, 13, 862],0.0,0.0
1403,[787, 109, 954, 473, 640],0.0,0.0
1381,[791, 742, 394, 86, 507],0.0,0.0
1085,[302, 119, 108, 556, 97],0.0,0.0
1212,[332, 697, 206, 192, 880],0.0,0.0
1572,[513, 666, 906, 801, 403],0.0,0.0
895,[154, 472, 938, 926, 646],0.0,0.0
1413,[764, 791, 437, 715, 416],0.0,0.0
995,[192, 826, 121, 385, 728],0.0,0.0
1391,[92, 430, 640, 571, 583],0.0,0.0
1195,[542, 61, 225, 236, 444],0.0,0.0
1582,[462, 133, 291, 450, 843],0.0,0.0
1222,[568, 77, 470, 429, 824],0.0,0.0
1095,[535, 3, 5, 372, 187],0.0,0.0
806,[789, 800, 39, 679, 598],0.0,0.0
1302,[986, 376, 289, 412, 590],0.0,0.0
1232,[599, 540, 869, 128, 673],0.0,0.0
1423,[21, 288, 28, 521, 305],0.0,0.0
906,[906, 251, 983, 453, 412],0.0,0.0
1592,[624, 398, 382, 499, 289],0.0,0.0
1106,[850, 998, 684, 176, 815],0.0,0.0
1006,[889, 643, 567, 455, 324],0.0,0.0
1312,[503, 784, 978, 662, 390],0.0,0.0
816,[888, 717, 417, 248, 565],0.0,0.0
1242,[624, 947, 851, 128, 637],0.0,0.0
1433,[634, 588, 967, 145, 434],0.0,0.0
916,[83, 740, 244, 23, 409],0.0,0.0
1116,[994, 151, 221, 578, 290],0.0,0.0
1503,[27, 292, 107, 256, 878],0.0,0.0
1016,[84, 897, 466, 211, 398],0.0,0.0
1322,[587, 411, 740, 419, 404],0.0,0.0
1252,[399, 611, 89, 714, 925],0.0,0.0
826,[504, 237, 901, 762, 416],0.0,0.0
1443,[712, 116, 50, 720, 630],0.0,0.0
1513,[497, 759, 253, 15, 473],0.0,0.0
926,[234, 378, 866, 297, 367],0.0,0.0
1126,[601, 333, 817, 707, 227],0.0,0.0
1332,[364, 254, 931, 124, 274],0.0,0.0
1026,[743, 831, 240, 730, 488],0.0,0.0
1262,[476, 614, 344, 588, 102],0.0,0.0
836,[235, 236, 604, 228, 905],0.0,0.0
936,[13, 847, 673, 12, 446],0.0,0.0
1136,[979, 609, 952, 212, 831],0.0,0.0
1523,[37, 92, 992, 130, 746],0.0,0.0
1342,[620, 672, 758, 762, 804],0.0,0.0
1036,[452, 168, 608, 618, 220],0.0,0.0
1453,[997, 42, 368, 995, 449],0.0,0.0
1272,[187, 977, 259, 433, 970],0.0,0.0
846,[401, 567, 933, 993, 625],0.0,0.0
1533,[534, 553, 507, 230, 693],0.0,0.0
946,[44, 69, 521, 542, 181],0.0,0.0
1352,[343, 339, 787, 175, 859],0.0,0.0
1146,[226, 404, 529, 196, 171],0.0,0.0
1282,[842, 852, 679, 425, 436],0.0,0.0
1463,[663, 708, 886, 974, 317],0.0,0.0
1046,[963, 426, 723, 539, 599],0.0,0.0
1362,[152, 334, 398, 599, 575],0.0,0.0
1543,[137, 272, 377, 399, 346],0.0,0.0
856,[976, 65, 715, 672, 709],0.0,0.0
1292,[611, 973, 301, 197, 50],0.0,0.0
956,[258, 702, 92, 299, 174],0.0,0.0
1156,[110, 238, 821, 406, 957],0.0,0.0
1473,[429, 465, 207, 573, 665],0.0,0.0
1056,[21, 922, 542, 369, 166],0.0,0.0
1372,[314, 657, 826, 925, 744],0.0,0.0
866,[421, 777, 595, 970, 855],0.0,0.0
1553,[792, 207, 927, 772, 712],0.0,0.0
966,[193, 958, 412, 614, 563],0.0,0.0
1166,[185, 425, 513, 249, 715],0.0,0.0
1203,[675, 767, 96, 406, 368],0.0,0.0
1066,[204, 254, 94, 584, 209],0.0,0.0
1483,[152, 684, 902, 157, 319],0.0,0.0
1382,[480, 129, 107, 135, 938],0.0,0.0
1563,[991, 81, 7, 140, 578],0.0,0.0
876,[441, 645, 13, 251, 595],0.0,0.0
1213,[892, 277, 504, 347, 64],0.0,0.0
976,[944, 786, 982, 472, 361],0.0,0.0
1176,[885, 433, 625, 616, 654],0.0,0.0
1493,[736, 11, 714, 349, 731],0.0,0.0
1076,[343, 900, 336, 981, 857],0.0,0.0
1392,[558, 904, 121, 720, 279],0.0,0.0
886,[984, 601, 536, 581, 6],0.0,0.0
1573,[731, 745, 20, 64, 384],0.0,0.0
986,[495, 319, 332, 459, 1],0.0,0.0
1223,[551, 636, 995, 429, 531],0.0,0.0
1186,[314, 645, 97, 502, 321],0.0,0.0
1086,[618, 127, 190, 463, 709],0.0,0.0
1404,[93, 884, 506, 84, 164],0.0,0.0
1303,[189, 802, 847, 312, 754],0.0,0.0
1414,[503, 0, 82, 875, 682],0.0,0.0
1583,[584, 476, 887, 402, 424],0.0,0.0
1233,[88, 393, 470, 305, 900],0.0,0.0
896,[297, 112, 484, 654, 538],0.0,0.0
996,[331, 875, 989, 801, 351],0.0,0.0
1096,[643, 875, 823, 432, 657],0.0,0.0
1313,[307, 901, 824, 497, 851],0.0,0.0
1196,[0, 671, 491, 196, 609],0.0,0.0
1424,[216, 26, 984, 601, 15],0.0,0.0
1593,[22, 184, 573, 756, 899],0.0,0.0
1243,[716, 71, 149, 650, 128],0.0,0.0
1434,[875, 174, 568, 482, 578],0.0,0.0
807,[796, 688, 708, 578, 749],0.0,0.0
1323,[10, 337, 675, 351, 384],0.0,0.0
907,[12, 937, 113, 50, 469],0.0,0.0
1107,[139, 817, 964, 900, 409],0.0,0.0
1007,[722, 675, 373, 742, 730],0.0,0.0
1504,[817, 812, 258, 492, 210],0.0,0.0
1444,[334, 311, 251, 594, 215],0.0,0.0
1253,[335, 152, 851, 990, 118],0.0,0.0
1333,[830, 546, 687, 58, 175],0.0,0.0
817,[205, 49, 143, 104, 982],0.0,0.0
917,[213, 926, 431, 545, 231],0.0,0.0
1514,[857, 307, 129, 438, 478],0.0,0.0
1117,[89, 222, 677, 955, 327],0.0,0.0
1017,[82, 103, 729, 114, 28],0.0,0.0
1454,[740, 568, 769, 819, 364],0.0,0.0
1524,[520, 195, 243, 782, 579],0.0,0.0
1263,[89, 673, 70, 901, 1],0.0,0.0
1343,[389, 612, 986, 814, 862],0.0,0.0
827,[115, 428, 636, 407, 421],0.0,0.0
927,[145, 202, 783, 609, 201],0.0,0.0
1464,[218, 944, 891, 538, 355],0.0,0.0
1127,[190, 382, 724, 902, 59],0.0,0.0
1027,[55, 543, 626, 565, 534],0.0,0.0
1534,[152, 36, 615, 907, 508],0.0,0.0
1273,[824, 187, 909, 308, 507],0.0,0.0
937,[632, 616, 949, 663, 173],0.0,0.0
1137,[342, 541, 259, 596, 314],0.0,0.0
1353,[294, 963, 1, 788, 863],0.0,0.0
1474,[354, 137, 984, 141, 954],0.0,0.0
837,[693, 790, 818, 313, 408],0.0,0.0
1037,[900, 501, 844, 180, 462],0.0,0.0
1544,[560, 730, 10, 425, 454],0.0,0.0
1484,[962, 79, 631, 753, 746],0.0,0.0
1283,[754, 245, 340, 852, 905],0.0,0.0
1363,[568, 681, 98, 356, 373],0.0,0.0
1554,[307, 435, 53, 728, 949],0.0,0.0
1147,[480, 102, 569, 515, 286],0.0,0.0
947,[687, 104, 507, 783, 268],0.0,0.0
847,[84, 170, 496, 12, 317],0.0,0.0
1047,[141, 91, 605, 711, 362],0.0,0.0
1494,[496, 184, 654, 753, 285],0.0,0.0
1564,[425, 517, 230, 875, 532],0.0,0.0
1293,[832, 357, 30, 815, 795],0.0,0.0
1373,[253, 835, 26, 349, 408],0.0,0.0
1157,[848, 225, 637, 145, 215],0.0,0.0
1574,[834, 775, 100, 826, 339],0.0,0.0
957,[563, 70, 271, 433, 500],0.0,0.0
1057,[178, 80, 329, 198, 545],0.0,0.0
857,[360, 102, 190, 371, 729],0.0,0.0
1405,[409, 522, 630, 415, 850],0.0,0.0
1204,[310, 525, 349, 918, 443],0.0,0.0
1383,[142, 255, 813, 897, 662],0.0,0.0
1584,[646, 298, 53, 484, 440],0.0,0.0
1214,[433, 147, 358, 988, 505],0.0,0.0
1167,[722, 177, 527, 232, 242],0.0,0.0
967,[462, 285, 526, 609, 825],0.0,0.0
1067,[327, 901, 277, 6, 297],0.0,0.0
867,[71, 442, 369, 377, 958],0.0,0.0
1415,[326, 404, 958, 169, 126],0.0,0.0
1594,[767, 204, 236, 375, 916],0.0,0.0
1393,[343, 130, 274, 968, 864],0.0,0.0
1224,[73, 871, 308, 966, 32],0.0,0.0
1177,[111, 472, 466, 931, 806],0.0,0.0
1234,[715, 862, 961, 667, 676],0.0,0.0
977,[898, 554, 437, 409, 799],0.0,0.0
1425,[342, 243, 641, 7, 375],0.0,0.0
1304,[960, 930, 428, 404, 238],0.0,0.0
1077,[969, 737, 842, 129, 620],0.0,0.0
877,[918, 811, 500, 929, 999],0.0,0.0
1505,[241, 424, 134, 379, 844],0.0,0.0
1314,[46, 964, 419, 812, 806],0.0,0.0
1244,[654, 806, 199, 712, 379],0.0,0.0
1187,[52, 522, 708, 548, 709],0.0,0.0
987,[193, 502, 716, 570, 664],0.0,0.0
1087,[470, 937, 476, 40, 665],0.0,0.0
1435,[401, 321, 332, 232, 675],0.0,0.0
887,[40, 625, 668, 447, 990],0.0,0.0
1515,[822, 20, 679, 567, 878],0.0,0.0
1324,[575, 142, 251, 96, 383],0.0,0.0
1254,[856, 604, 105, 693, 123],0.0,0.0
1197,[740, 546, 423, 401, 330],0.0,0.0
1334,[564, 417, 410, 383, 960],0.0,0.0
1445,[131, 879, 0, 395, 374],0.0,0.0
1525,[822, 146, 888, 292, 118],0.0,0.0
997,[397, 413, 597, 217, 73],0.0,0.0
1264,[388, 109, 149, 801, 848],0.0,0.0
1097,[153, 937, 212, 35, 194],0.0,0.0
897,[853, 582, 106, 518, 665],0.0,0.0
1344,[411, 130, 192, 913, 229],0.0,0.0
1535,[558, 361, 340, 849, 66],0.0,0.0
1274,[173, 751, 148, 7, 652],0.0,0.0
1108,[377, 55, 704, 386, 99],0.0,0.0
1455,[316, 287, 909, 49, 306],0.0,0.0
908,[329, 277, 735, 912, 317],0.0,0.0
1008,[633, 440, 820, 367, 575],0.0,0.0
808,[212, 838, 948, 806, 751],0.0,0.0
1284,[958, 869, 754, 760, 452],0.0,0.0
1354,[702, 465, 474, 153, 49],0.0,0.0
1545,[49, 457, 307, 798, 510],0.0,0.0
1118,[155, 927, 270, 497, 984],0.0,0.0
1465,[744, 960, 357, 372, 253],0.0,0.0
918,[571, 594, 397, 23, 178],0.0,0.0
1364,[288, 3, 402, 150, 443],0.0,0.0
1018,[390, 979, 887, 637, 357],0.0,0.0
1294,[270, 197, 593, 29, 497],0.0,0.0
818,[566, 639, 430, 105, 577],0.0,0.0
1555,[398, 840, 818, 271, 460],0.0,0.0
1374,[411, 79, 184, 437, 266],0.0,0.0
1128,[96, 119, 703, 169, 558],0.0,0.0
1475,[70, 237, 826, 878, 931],0.0,0.0
928,[48, 11, 628, 863, 61],0.0,0.0
1205,[533, 532, 213, 259, 530],0.0,0.0
1028,[37, 100, 284, 454, 515],0.0,0.0
828,[511, 227, 770, 786, 15],0.0,0.0
1384,[413, 275, 314, 820, 209],0.0,0.0
1565,[897, 156, 980, 28, 58],0.0,0.0
1138,[566, 693, 918, 178, 813],0.0,0.0
1485,[309, 180, 403, 28, 242],0.0,0.0
938,[104, 966, 819, 572, 449],0.0,0.0
1215,[750, 765, 589, 575, 752],0.0,0.0
1038,[163, 507, 363, 192, 2],0.0,0.0
838,[342, 97, 256, 960, 435],0.0,0.0
1394,[980, 76, 906, 93, 896],0.0,0.0
1575,[444, 704, 423, 82, 396],0.0,0.0
1148,[122, 340, 453, 178, 188],0.0,0.0
1495,[400, 436, 334, 751, 988],0.0,0.0
948,[978, 760, 146, 460, 614],0.0,0.0
1225,[68, 372, 646, 59, 498],0.0,0.0
1048,[146, 160, 980, 922, 913],0.0,0.0
1305,[965, 803, 927, 462, 376],0.0,0.0
1585,[584, 975, 367, 670, 875],0.0,0.0
848,[738, 546, 565, 812, 321],0.0,0.0
1406,[553, 513, 681, 717, 311],0.0,0.0
1235,[223, 487, 423, 497, 46],0.0,0.0
1158,[892, 249, 779, 896, 454],0.0,0.0
1315,[323, 42, 460, 509, 451],0.0,0.0
1416,[864, 78, 266, 264, 531],0.0,0.0
958,[534, 566, 564, 935, 461],0.0,0.0
1595,[464, 739, 905, 568, 531],0.0,0.0
1058,[26, 841, 455, 191, 905],0.0,0.0
858,[706, 720, 427, 637, 594],0.0,0.0
1168,[56, 269, 275, 751, 108],0.0,0.0
1245,[40, 444, 682, 232, 892],0.0,0.0
1426,[163, 782, 541, 316, 535],0.0,0.0
1325,[352, 133, 324, 840, 29],0.0,0.0
1506,[897, 478, 830, 63, 305],0.0,0.0
968,[424, 781, 855, 666, 530],0.0,0.0
1068,[990, 311, 860, 886, 18],0.0,0.0
868,[59, 69, 730, 246, 242],0.0,0.0
1436,[256, 152, 526, 15, 241],0.0,0.0
1516,[580, 666, 865, 221, 865],0.0,0.0
1335,[85, 748, 854, 31, 102],0.0,0.0
1255,[237, 127, 612, 51, 703],0.0,0.0
1178,[927, 87, 424, 380, 410],0.0,0.0
1526,[78, 769, 347, 449, 241],0.0,0.0
1446,[270, 439, 417, 331, 987],0.0,0.0
978,[97, 22, 885, 431, 545],0.0,0.0
1078,[912, 276, 250, 503, 890],0.0,0.0
878,[523, 905, 337, 882, 488],0.0,0.0
1536,[616, 419, 643, 478, 66],0.0,0.0
1345,[382, 174, 320, 862, 221],0.0,0.0
1265,[227, 909, 454, 94, 451],0.0,0.0
1188,[87, 975, 461, 158, 535],0.0,0.0
1456,[276, 294, 341, 508, 835],0.0,0.0
988,[697, 311, 151, 994, 393],0.0,0.0
1546,[723, 740, 379, 577, 114],0.0,0.0
1088,[367, 140, 697, 351, 666],0.0,0.0
1466,[539, 729, 30, 448, 787],0.0,0.0
888,[406, 396, 966, 407, 249],0.0,0.0
1355,[138, 434, 435, 632, 398],0.0,0.0
1275,[370, 445, 325, 623, 374],0.0,0.0
1198,[53, 264, 467, 133, 440],0.0,0.0
1556,[48, 956, 919, 772, 913],0.0,0.0
1476,[29, 907, 789, 979, 597],0.0,0.0
998,[127, 742, 538, 741, 254],0.0,0.0
1098,[892, 403, 972, 579, 383],0.0,0.0
1566,[905, 506, 535, 241, 168],0.0,0.0
1365,[681, 282, 154, 707, 77],0.0,0.0
898,[754, 473, 520, 515, 617],0.0,0.0
1285,[886, 490, 230, 318, 706],0.0,0.0
1486,[897, 24, 202, 120, 215],0.0,0.0
1109,[305, 285, 297, 917, 662],0.0,0.0
1576,[985, 501, 42, 483, 641],0.0,0.0
909,[737, 264, 454, 606, 86],0.0,0.0
1009,[194, 316, 782, 273, 915],0.0,0.0
1496,[398, 673, 285, 329, 869],0.0,0.0
1119,[313, 427, 631, 242, 854],0.0,0.0
1375,[320, 14, 111, 920, 822],0.0,0.0
809,[209, 662, 530, 411, 340],0.0,0.0
1295,[312, 717, 950, 871, 669],0.0,0.0
1586,[836, 861, 348, 803, 695],0.0,0.0
919,[588, 399, 913, 520, 386],0.0,0.0
1019,[375, 361, 247, 722, 155],0.0,0.0
819,[590, 542, 671, 10, 551],0.0,0.0
1385,[996, 378, 736, 856, 187],0.0,0.0
1129,[999, 851, 896, 395, 790],0.0,0.0
1206,[6, 787, 819, 220, 631],0.0,0.0
1596,[864, 328, 714, 101, 501],0.0,0.0
1407,[61, 752, 376, 797, 262],0.0,0.0
929,[181, 645, 684, 677, 932],0.0,0.0
1029,[130, 172, 411, 125, 279],0.0,0.0
1216,[286, 306, 203, 624, 342],0.0,0.0
1139,[175, 18, 553, 453, 0],0.0,0.0
829,[454, 357, 463, 895, 347],0.0,0.0
1395,[360, 15, 507, 846, 382],0.0,0.0
1417,[323, 39, 463, 445, 99],0.0,0.0
1507,[459, 443, 278, 435, 55],0.0,0.0
939,[855, 312, 102, 828, 970],0.0,0.0
1039,[368, 820, 890, 672, 45],0.0,0.0
1226,[813, 926, 781, 85, 772],0.0,0.0
839,[890, 533, 800, 704, 35],0.0,0.0
1149,[681, 570, 960, 533, 446],0.0,0.0
1306,[390, 227, 463, 254, 801],0.0,0.0
1236,[281, 54, 243, 555, 929],0.0,0.0
1517,[689, 601, 161, 682, 564],0.0,0.0
949,[270, 322, 381, 934, 364],0.0,0.0
1049,[274, 63, 23, 287, 401],0.0,0.0
1427,[218, 360, 279, 830, 681],0.0,0.0
1316,[700, 570, 777, 213, 162],0.0,0.0
849,[981, 80, 502, 63, 330],0.0,0.0
1246,[992, 768, 844, 747, 838],0.0,0.0
1159,[441, 70, 706, 760, 924],0.0,0.0
1326,[564, 699, 965, 676, 163],0.0,0.0
1527,[442, 405, 188, 602, 814],0.0,0.0
1437,[918, 541, 18, 470, 339],0.0,0.0
959,[552, 543, 936, 412, 11],0.0,0.0
1059,[38, 212, 85, 527, 52],0.0,0.0
1256,[941, 143, 332, 380, 871],0.0,0.0
1169,[664, 292, 997, 155, 922],0.0,0.0
859,[361, 438, 385, 705, 479],0.0,0.0
1336,[570, 114, 601, 760, 967],0.0,0.0
1266,[866, 220, 794, 30, 629],0.0,0.0
1537,[285, 565, 683, 989, 191],0.0,0.0
969,[980, 27, 724, 119, 863],0.0,0.0
1069,[622, 643, 379, 445, 361],0.0,0.0
869,[844, 411, 475, 920, 92],0.0,0.0
1346,[286, 896, 648, 575, 628],0.0,0.0
1447,[175, 656, 326, 144, 839],0.0,0.0
1179,[275, 287, 492, 606, 649],0.0,0.0
1276,[317, 245, 379, 711, 876],0.0,0.0
1547,[61, 241, 933, 132, 322],0.0,0.0
1079,[92, 370, 96, 719, 510],0.0,0.0
1356,[319, 920, 164, 304, 722],0.0,0.0
979,[770, 566, 335, 661, 759],0.0,0.0
1189,[262, 143, 525, 790, 139],0.0,0.0
1286,[337, 444, 658, 810, 401],0.0,0.0
879,[718, 429, 736, 94, 318],0.0,0.0
1457,[722, 208, 973, 584, 245],0.0,0.0
1366,[163, 275, 299, 275, 315],0.0,0.0
1089,[64, 713, 964, 413, 820],0.0,0.0
989,[514, 596, 610, 521, 101],0.0,0.0
1296,[134, 656, 30, 880, 90],0.0,0.0
1557,[324, 514, 892, 655, 221],0.0,0.0
889,[3, 661, 248, 282, 954],0.0,0.0
1199,[660, 213, 439, 394, 362],0.0,0.0
1376,[533, 69, 901, 669, 688],0.0,0.0
1467,[999, 401, 5, 159, 394],0.0,0.0
1099,[288, 927, 799, 68, 619],0.0,0.0
999,[573, 489, 786, 225, 445],0.0,0.0
1567,[636, 471, 736, 475, 520],0.0,0.0
1386,[918, 450, 813, 382, 719],0.0,0.0
899,[307, 9, 232, 431, 738],0.0,0.0
1207,[714, 0, 168, 75, 81],0.0,0.0
1477,[17, 670, 295, 5, 762],0.0,0.0
1396,[844, 516, 564, 818, 559],0.0,0.0
1577,[713, 204, 797, 760, 85],0.0,0.0
1217,[477, 442, 813, 298, 181],0.0,0.0
1487,[681, 63, 642, 76, 811],0.0,0.0
1307,[967, 983, 265, 406, 822],0.0,0.0
1587,[596, 158, 508, 974, 527],0.0,0.0
1227,[818, 430, 899, 336, 536],0.0,0.0
1317,[210, 638, 404, 92, 656],0.0,0.0
1497,[884, 123, 98, 682, 349],0.0,0.0
1597,[945, 84, 399, 998, 736],0.0,0.0
1237,[935, 344, 548, 194, 248],0.0,0.0
1327,[868, 903, 114, 1, 399],0.0,0.0
1508,[938, 562, 449, 132, 342],0.0,0.0
1408,[123, 621, 1, 826, 369],0.0,0.0
1247,[11, 774, 299, 268, 802],0.0,0.0
1337,[358, 608, 352, 830, 704],0.0,0.0
1518,[64, 800, 584, 290, 124],0.0,0.0
1418,[511, 992, 523, 203, 103],0.0,0.0
1257,[820, 170, 165, 215, 354],0.0,0.0
1347,[59, 612, 549, 238, 415],0.0,0.0
1528,[831, 553, 237, 879, 120],0.0,0.0
1267,[126, 6, 641, 695, 193],0.0,0.0
1357,[530, 54, 183, 635, 992],0.0,0.0
1428,[407, 323, 149, 942, 88],0.0,0.0
1538,[389, 434, 299, 33, 348],0.0,0.0
1277,[596, 362, 369, 788, 183],0.0,0.0
1367,[204, 397, 454, 194, 5],0.0,0.0
1438,[771, 107, 708, 413, 986],0.0,0.0
1548,[554, 792, 236, 698, 697],0.0,0.0
1287,[637, 644, 878, 966, 34],0.0,0.0
1377,[824, 786, 399, 353, 797],0.0,0.0
1448,[928, 332, 632, 742, 836],0.0,0.0
1387,[719, 374, 92, 683, 259],0.0,0.0
1297,[288, 604, 34, 669, 474],0.0,0.0
1558,[830, 6, 217, 79, 754],0.0,0.0
1458,[14, 64, 850, 69, 373],0.0,0.0
1397,[471, 409, 746, 414, 793],0.0,0.0
1568,[529, 371, 828, 507, 836],0.0,0.0
1208,[284, 916, 659, 676, 638],0.0,0.0
1468,[38, 303, 18, 819, 835],0.0,0.0
1308,[842, 792, 812, 722, 984],0.0,0.0
1578,[764, 447, 687, 614, 716],0.0,0.0
1218,[611, 397, 850, 885, 743],0.0,0.0
1318,[287, 684, 590, 325, 316],0.0,0.0
1588,[27, 303, 339, 152, 848],0.0,0.0
1478,[674, 553, 901, 44, 679],0.0,0.0
1228,[503, 595, 897, 338, 205],0.0,0.0
1328,[429, 784, 906, 369, 675],0.0,0.0
1598,[994, 659, 348, 259, 460],0.0,0.0
1488,[199, 711, 836, 555, 391],0.0,0.0
1238,[392, 222, 493, 37, 374],0.0,0.0
1509,[917, 107, 434, 259, 170],0.0,0.0
1338,[566, 922, 84, 286, 448],0.0,0.0
1498,[445, 863, 802, 81, 920],0.0,0.0
1248,[179, 922, 27, 717, 68],0.0,0.0
1519,[977, 53, 244, 358, 80],0.0,0.0
1348,[768, 534, 544, 716, 473],0.0,0.0
1409,[129, 284, 652, 90, 68],0.0,0.0
1529,[133, 821, 84, 322, 671],0.0,0.0
1258,[398, 196, 162, 265, 429],0.0,0.0
1539,[825, 793, 444, 957, 804],0.0,0.0
1419,[206, 407, 605, 871, 909],0.0,0.0
1358,[69, 645, 122, 50, 603],0.0,0.0
1549,[297, 439, 790, 28, 731],0.0,0.0
1429,[615, 589, 470, 447, 558],0.0,0.0
1268,[53, 845, 395, 968, 85],0.0,0.0
1439,[0, 222, 214, 489, 142],0.0,0.0
1368,[305, 265, 780, 939, 157],0.0,0.0
1559,[451, 232, 916, 728, 106],0.0,0.0
1569,[741, 820, 576, 768, 205],0.0,0.0
1449,[531, 50, 925, 246, 261],0.0,0.0
1278,[315, 490, 641, 637, 565],0.0,0.0
1378,[641, 893, 274, 124, 859],0.0,0.0
1579,[743, 274, 584, 550, 910],0.0,0.0
1459,[972, 242, 36, 42, 66],0.0,0.0
1288,[339, 647, 605, 645, 646],0.0,0.0
1589,[183, 178, 444, 988, 624],0.0,0.0
1388,[676, 341, 340, 522, 157],0.0,0.0
1469,[369, 965, 420, 254, 237],0.0,0.0
1599,[324, 365, 8, 738, 701],0.0,0.0
1479,[450, 205, 742, 487, 45],0.0,0.0
1298,[310, 192, 256, 627, 63],0.0,0.0
1398,[103, 529, 931, 939, 790],0.0,0.0
1489,[906, 579, 481, 794, 733],0.0,0.0
1209,[716, 501, 627, 15, 997],0.0,0.0
1309,[787, 634, 368, 295, 206],0.0,0.0
1499,[994, 217, 616, 753, 444],0.0,0.0
1219,[984, 838, 154, 244, 257],0.0,0.0
1319,[957, 37, 405, 785, 410],0.0,0.0
1229,[736, 407, 984, 268, 592],0.0,0.0
1329,[708, 692, 48, 404, 955],0.0,0.0
1239,[749, 500, 279, 484, 706],0.0,0.0
1339,[878, 357, 563, 339, 941],0.0,0.0
1249,[950, 148, 418, 630, 828],0.0,0.0
1349,[673, 991, 658, 154, 338],0.0,0.0
1259,[243, 319, 39, 339, 409],0.0,0.0
1359,[413, 710, 358, 401, 813],0.0,0.0
1269,[628, 695, 198, 981, 983],0.0,0.0
1369,[846, 469, 647, 120, 380],0.0,0.0
1279,[591, 876, 237, 362, 600],0.0,0.0
1379,[654, 590, 113, 506, 388],0.0,0.0
1289,[299, 624, 162, 180, 998],0.0,0.0
1389,[624, 226, 615, 369, 312],0.0,0.0
1299,[821, 82, 669, 923, 271],0.0,0.0
1399,[668, 693, 296, 346, 559],0.0,0.0
350,[118, 910, 580, 841, 177],0.0,0.0
360,[26, 81, 377, 347, 620],0.0,0.0
370,[55, 702, 995, 251, 540],0.0,0.0
380,[537, 89, 190, 138, 49],0.0,0.0
390,[212, 238, 419, 817, 599],0.0,0.0
351,[188, 766, 549, 112, 411],0.0,0.0
361,[545, 912, 48, 47, 522],0.0,0.0
371,[479, 118, 972, 38, 959],0.0,0.0
381,[5, 736, 160, 907, 83],0.0,0.0
391,[861, 270, 591, 712, 522],0.0,0.0
352,[449, 741, 563, 305, 115],0.0,0.0
362,[782, 213, 628, 258, 547],0.0,0.0
372,[694, 649, 77, 623, 780],0.0,0.0
382,[28, 831, 633, 899, 584],0.0,0.0
392,[301, 811, 667, 62, 922],0.0,0.0
353,[597, 753, 878, 882, 500],0.0,0.0
363,[339, 758, 733, 643, 4],0.0,0.0
373,[432, 477, 655, 378, 44],0.0,0.0
383,[223, 50, 451, 173, 389],0.0,0.0
393,[677, 761, 690, 571, 164],0.0,0.0
354,[772, 23, 75, 980, 62],0.0,0.0
364,[687, 524, 314, 889, 978],0.0,0.0
374,[112, 275, 888, 681, 782],0.0,0.0
384,[910, 170, 724, 596, 582],0.0,0.0
394,[859, 105, 716, 117, 116],0.0,0.0
355,[857, 617, 191, 550, 666],0.0,0.0
365,[141, 523, 395, 217, 733],0.0,0.0
375,[266, 653, 203, 468, 910],0.0,0.0
385,[399, 328, 472, 854, 552],0.0,0.0
395,[645, 621, 680, 471, 599],0.0,0.0
356,[730, 97, 725, 252, 146],0.0,0.0
366,[695, 788, 831, 58, 627],0.0,0.0
376,[327, 945, 721, 94, 137],0.0,0.0
386,[516, 577, 328, 638, 975],0.0,0.0
396,[500, 359, 865, 323, 116],0.0,0.0
357,[943, 609, 710, 948, 329],0.0,0.0
367,[460, 288, 247, 554, 726],0.0,0.0
377,[952, 777, 356, 647, 557],0.0,0.0
387,[48, 268, 158, 534, 994],0.0,0.0
397,[667, 714, 836, 257, 852],0.0,0.0
358,[609, 708, 486, 391, 214],0.0,0.0
368,[558, 105, 267, 728, 843],0.0,0.0
378,[842, 687, 639, 180, 576],0.0,0.0
388,[136, 541, 115, 59, 502],0.0,0.0
398,[874, 279, 333, 457, 36],0.0,0.0
359,[999, 781, 702, 58, 14],0.0,0.0
369,[925, 197, 520, 394, 743],0.0,0.0
379,[310, 24, 350, 623, 324],0.0,0.0
389,[279, 703, 913, 555, 829],0.0,0.0
399,[308, 107, 945, 990, 550],0.0,0.0