
0,[160, 347, 161, 38, 638],0.0007188951687617735,0.0268122205115834
1,[390, 43, 886, 804, 251],0.0007646808762354634,0.027652863798085424
120,[168, 874, 262, 0, 550],0.0011883910925880533,0.03447304878579864
10,[598, 976, 91, 87, 153],0.0004576145875608502,0.0213919280935789
30,[382, 106, 626, 422, 689],0.0002541831217353576,0.015943121455203105
20,[354, 112, 269, 453, 598],0.004469353427923989,0.06685322301822097
121,[338, 221, 10, 890, 650],0.0016565304742992917,0.04070049722422678
122,[440, 98, 521, 114, 815],0.0013157537237873862,0.036273319723832645
123,[419, 222, 594, 570, 701],0.0005043356963701342,0.02245741962849103
2,[795, 499, 889, 389, 647],0.00095258121187488,0.03086391439650648
124,[975, 238, 194, 109, 766],0.0032701816486860255,0.057185502084759435
11,[726, 241, 368, 750, 189],0.0010902881432375985,0.033019511553589016
125,[257, 809, 670, 695, 138],0.0013325808680338734,0.03650453215744414
126,[624, 497, 303, 807, 636],0.000691882024388101,0.026303650400431134
127,[140, 840, 116, 208, 690],0.0007701950037002388,0.027752387351365627
12,[52, 680, 752, 154, 79],9.007019508240045e-05,0.009490531865095889
3,[547, 578, 150, 707, 467],0.0004128028489674737,0.020317550269839956
128,[947, 987, 737, 503, 820],0.0005737307842237343,0.023952678017786118
13,[815, 203, 189, 314, 900],0.0004962642525625371,0.022276989306513957
4,[459, 959, 174, 898, 76],0.002691998816797217,0.05188447568201125
130,[847, 727, 891, 273, 855],0.0014715623307824687,0.03836094799118589
5,[807, 853, 378, 696, 104],0.00014400827855378263,0.012000344934783443
14,[393, 781, 821, 407, 217],0.0008769519743542147,0.029613374923406058
131,[665, 814, 211, 25, 94],0.00029743088905519476,0.01724618476809276
31,[808, 974, 172, 296, 811],0.00042283517991592145,0.020562956497447576
21,[352, 423, 813, 402, 720],0.0036686682377478222,0.06056953225630707
132,[546, 576, 5, 652, 214],0.0008487735584074552,0.02913371858186756
133,[263, 658, 258, 511, 742],0.00023686324197191074,0.01539036198313447
134,[313, 896, 206, 503, 267],0.0014270267225712217,0.03777600723437062
15,[282, 139, 677, 894, 259],0.0026967661893666423,0.05193039754678027
135,[153, 987, 389, 193, 346],0.002743460040239538,0.0523780492214013
6,[446, 418, 233, 928, 406],0.0006310286589501703,0.025120283815080004
32,[808, 987, 212, 366, 144],0.0012109028711128466,0.034798029701591536
136,[370, 999, 466, 988, 597],0.003959120462530264,0.06292154211818289
22,[424, 981, 328, 481, 275],0.0009862379644695514,0.031404425873904324
137,[911, 897, 699, 865, 563],0.0037525593015360994,0.06125813661495181
7,[729, 883, 616, 832, 311],0.0004711915730154918,0.021706947574808667
138,[607, 547, 239, 549, 649],0.0014281536889579076,0.037790920721224926
16,[542, 312, 320, 577, 338],0.0005696393349513297,0.02386711827915825
33,[738, 509, 392, 266, 601],0.0019807946349759166,0.04450611907340289
23,[82, 406, 657, 441, 170],0.0008138778377595613,0.028528544262888027
17,[192, 96, 479, 636, 49],0.0010398445546902445,0.0322466208259136
8,[584, 599, 39, 827, 659],0.0022476054088942142,0.04740891697660066
34,[917, 884, 420, 134, 621],0.00020025709214525986,0.014151222284497543
140,[208, 607, 296, 168, 100],0.00020194441728493769,0.014210714875928575
24,[719, 164, 916, 381, 2],0.0018687161532599948,0.04322864968120095
141,[978, 624, 685, 357, 411],0.0002757450748765224,0.016605573608777336
18,[37, 722, 684, 162, 838],0.001279031599203734,0.03576355126667001
35,[990, 261, 229, 507, 39],0.000597422690869406,0.024442231708037748
142,[108, 813, 542, 484, 893],0.001252770061719193,0.035394491968655135
143,[106, 950, 479, 570, 45],0.00031880923191265133,0.017855229819653717
9,[217, 243, 763, 304, 513],0.00338635202412646,0.0581923708412577
144,[711, 18, 209, 751, 876],0.0032727585436692326,0.05720802866442116
25,[716, 875, 579, 486, 290],0.0019071526498983897,0.04367095888457671
145,[779, 41, 910, 231, 629],0.0003970808720364159,0.019926888167408778
19,[385, 639, 676, 144, 456],0.001330796069111018,0.03648007770154853
146,[487, 819, 220, 970, 258],0.0018041480826565723,0.042475264362409476
36,[928, 960, 702, 415, 330],0.0011665045136882086,0.03415412879416204
147,[415, 706, 641, 960, 767],0.0008776283922730407,0.02962479353975384
26,[478, 242, 138, 289, 802],0.000601463926067137,0.024524761488486223
148,[878, 924, 592, 444, 103],0.00025321832390995944,0.01591283519395458
37,[349, 9, 703, 555, 336],0.0005450965496581324,0.023347302834763
149,[557, 435, 900, 978, 286],0.0007351759804336423,0.027114128797245955
80,[618, 28, 975, 946, 457],0.0002157966330086354,0.014690018141875639
81,[782, 950, 700, 799, 425],0.0019971226683335305,0.04468917842535853
27,[603, 30, 931, 540, 348],0.0009139314942886265,0.030231299910665876
38,[450, 340, 136, 840, 597],0.00019138814574033784,0.01383431045409701
82,[137, 388, 301, 349, 101],0.0004885893682718675,0.022104057733182556
83,[989, 360, 469, 223, 745],0.0018323313609467453,0.042805739813099195
84,[746, 726, 205, 865, 436],0.0007882699315054144,0.028076145239427266
28,[582, 133, 245, 919, 771],0.001545958250686222,0.03931867559679779
85,[608, 15, 189, 731, 358],9.603520608086411e-05,0.009799755409236707
140,[121, 869, 692, 774, 793],0.0023179300252939633,0.048144885764678715
86,[600, 345, 525, 303, 990],0.0006898956680512013,0.026265865073345697
141,[242, 265, 359, 96, 924],0.006197959705734053,0.07872712179251858
87,[1, 657, 233, 972, 877],0.002188773575778189,0.04678433045131873
142,[54, 2, 287, 645, 808],0.0015513223745096867,0.039386829962687865
88,[607, 394, 979, 317, 244],0.0020416034164622366,0.04518410579465125
143,[549, 937, 991, 218, 639],0.0021244092868418158,0.04609131465733882
89,[52, 177, 135, 678, 25],0.0007061863174683622,0.026574166355096865
144,[817, 840, 950, 932, 577],0.0003164977306266757,0.017790383093870567
145,[673, 742, 532, 306, 36],0.0005007876217241207,0.02237828460191086
50,[508, 899, 742, 439, 307],0.0009161626982550682,0.030268179632331183
146,[536, 702, 112, 500, 121],0.001048831091111211,0.03238566181369791
147,[178, 893, 17, 116, 956],0.0015096667852927941,0.03885443070349628