

0,[128, 69, 68, 418],0.0,0.0
120,[595, 90, 874, 889],0.0,0.0
1,[157, 260, 667, 423],0.0,0.0
60,[277, 420, 683, 874],0.0,0.0
20,[714, 990, 180, 41],0.0,0.0
99,[293, 307, 749, 178],0.0,0.0
121,[298, 547, 169, 159],0.0,0.0
61,[451, 455, 198, 149],0.0,0.0
21,[525, 773, 576, 62],0.0,0.0
99,[64, 378, 544, 871],0.0,0.0
62,[200, 98, 741, 409],0.0,0.0
122,[582, 423, 397, 513],0.0,0.0
22,[590, 355, 781, 230],0.0,0.0
63,[891, 134, 665, 149],0.0,0.0
23,[627, 164, 975, 179],0.0,0.0
64,[573, 782, 313, 636],0.0,0.0
2,[250, 3, 224, 187],0.0,0.0
65,[715, 205, 870, 146],0.0,0.0
24,[980, 453, 470, 795],0.0,0.0
123,[67, 769, 835, 872],0.0,0.0
25,[859, 661, 770, 421],0.0,0.0
124,[83, 553, 607, 584],0.0,0.0
66,[543, 265, 411, 385],0.0,0.0
26,[180, 967, 78, 789],0.0,0.0
67,[481, 816, 184, 356],0.0,0.0
125,[854, 506, 37, 783],0.0,0.0
27,[638, 237, 975, 408],0.0,0.0
3,[455, 789, 172, 833],0.0,0.0
68,[396, 839, 766, 654],0.0,0.0
69,[490, 945, 890, 225],0.0,0.0
28,[898, 814, 717, 979],1.232595164407831e-32,1.1102230246251565e-16
70,[21, 765, 52, 779],0.0,0.0
29,[282, 728, 918, 81],1.232595164407831e-32,1.1102230246251565e-16
71,[60, 384, 206, 469],0.0,0.0
72,[220, 74, 166, 638],0.0,0.0
73,[656, 877, 598, 376],0.0,0.0
74,[711, 668, 17, 321],0.0,0.0
30,[792, 1, 940, 774],0.0,0.0
75,[210, 855, 417, 455],0.0,0.0
126,[868, 907, 961, 896],0.0,0.0
31,[156, 502, 954, 219],0.0,0.0
76,[389, 29, 388, 71],0.0,0.0
4,[635, 775, 734, 16],0.0,0.0
77,[417, 372, 712, 467],0.0,0.0
32,[359, 920, 647, 245],1.232595164407831e-32,1.1102230246251565e-16
127,[972, 279, 516, 934],1.232595164407831e-32,1.1102230246251565e-16
78,[751, 570, 900, 241],0.0,0.0
128,[561, 358, 673, 81],0.0,0.0
79,[775, 750, 709, 310],0.0,0.0
33,[716, 317, 371, 780],1.232595164407831e-32,1.1102230246251565e-16
129,[860, 944, 793, 503],1.232595164407831e-32,1.1102230246251565e-16
34,[508, 510, 529, 128],1.232595164407831e-32,1.1102230246251565e-16
35,[395, 279, 79, 747],1.232595164407831e-32,1.1102230246251565e-16
5,[191, 138, 959, 808],0.0,0.0
36,[652, 12, 137, 872],1.232595164407831e-32,1.1102230246251565e-16
37,[614, 914, 961, 368],1.232595164407831e-32,1.1102230246251565e-16
130,[628, 154, 904, 831],0.0,0.0
38,[983, 775, 414, 529],1.232595164407831e-32,1.1102230246251565e-16
39,[522, 544, 66, 962],1.232595164407831e-32,1.1102230246251565e-16
131,[641, 68, 203, 239],1.232595164407831e-32,1.1102230246251565e-16
6,[81, 813, 259, 436],0.0,0.0
132,[876, 855, 111, 86],0.0,0.0
133,[690, 597, 572, 775],1.232595164407831e-32,1.1102230246251565e-16
134,[668, 134, 576, 951],0.0,0.0
135,[117, 983, 658, 249],1.232595164407831e-32,1.1102230246251565e-16
136,[683, 564, 820, 594],0.0,0.0
7,[518, 792, 591, 621],0.0,0.0
137,[57, 939, 813, 63],1.232595164407831e-32,1.1102230246251565e-16
138,[794, 889, 266, 713],0.0,0.0
8,[226, 889, 405, 236],0.0,0.0
139,[596, 362, 187, 96],0.0,0.0
9,[543, 58, 705, 80],0.0,0.0
10,[553, 711, 662, 361],0.0,0.0
11,[490, 591, 907, 274],0.0,0.0
12,[306, 595, 573, 447],0.0,0.0
13,[556, 281, 508, 199],0.0,0.0
14,[87, 381, 336, 537],0.0,0.0
15,[447, 936, 317, 893],0.0,0.0
16,[753, 845, 557, 598],0.0,0.0
17,[359, 678, 517, 673],0.0,0.0
18,[671, 859, 799, 879],0.0,0.0
19,[115, 264, 455, 633],0.0,0.0
40,[161, 29, 764, 381],0.0,0.0
41,[584, 459, 164, 195],0.0,0.0
42,[67, 217, 183, 638],0.0,0.0
43,[102, 828, 452, 376],0.0,0.0
44,[155, 721, 698, 186],0.0,0.0
45,[893, 519, 744, 154],0.0,0.0
46,[751, 951, 541, 833],0.0,0.0
47,[155, 80, 174, 710],0.0,0.0
48,[386, 67, 303, 490],0.0,0.0
100,[289, 919, 391, 406],0.0,0.0
49,[617, 590, 433, 516],0.0,0.0
50,[549, 495, 974, 75],0.0,0.0
51,[826, 365, 337, 52],0.0,0.0
101,[219, 547, 608, 246],0.0,0.0
52,[786, 609, 587, 894],0.0,0.0
53,[608, 164, 277, 346],0.0,0.0
102,[8, 191, 267, 448],0.0,0.0
54,[866, 496, 67, 53],0.0,0.0
55,[698, 7, 296, 880],0.0,0.0
103,[843, 29, 367, 231],0.0,0.0
56,[618, 714, 872, 50],0.0,0.0
57,[851, 784, 376, 349],0.0,0.0
58,[520, 131, 948, 998],0.0,0.0
104,[328, 884, 61, 505],0.0,0.0
59,[356, 791, 949, 120],0.0,0.0
105,[13, 566, 457, 649],0.0,0.0
106,[330, 211, 256, 622],0.0,0.0
107,[824, 318, 520, 889],0.0,0.0
108,[651, 28, 586, 853],1.232595164407831e-32,1.1102230246251565e-16
109,[612, 477, 816, 841],0.0,0.0
110,[997, 975, 813, 364],1.232595164407831e-32,1.1102230246251565e-16
111,[711, 817, 970, 858],7.703719777548943e-34,2.7755575615628914e-17
112,[203, 116, 564, 609],0.0,0.0
113,[856, 667, 750, 199],0.0,0.0
114,[752, 700, 377, 263],1.232595164407831e-32,1.1102230246251565e-16
115,[223, 710, 192, 562],1.232595164407831e-32,1.1102230246251565e-16
116,[230, 147, 456, 460],0.0,0.0
117,[48, 701, 680, 202],0.0,0.0
118,[980, 373, 823, 419],0.0,0.0
80,[205, 810, 261, 472],1.232595164407831e-32,1.1102230246251565e-16
81,[568, 902, 777, 994],0.0,0.0
82,[608, 927, 562, 278],1.232595164407831e-32,1.1102230246251565e-16
83,[211, 322, 902, 994],0.0,0.0
84,[412, 206, 114, 818],0.0,0.0
85,[11, 392, 397, 696],0.0,0.0
86,[936, 239, 229, 61],0.0,0.0
87,[173, 902, 649, 872],0.0,0.0
88,[471, 66, 734, 390],0.0,0.0
89,[138, 446, 406, 386],0.0,0.0
90,[482, 335, 786, 583],0.0,0.0
91,[276, 967, 893, 951],0.0,0.0
92,[582, 473, 726, 91],1.232595164407831e-32,1.1102230246251565e-16
93,[438, 599, 578, 80],0.0,0.0
94,[480, 27, 545, 494],0.0,0.0
95,[338, 279, 338, 546],0.0,0.0
96,[470, 888, 703, 902],0.0,0.0
97,[306, 430, 752, 479],0.0,0.0
98,[790, 232, 629, 543],0.0,0.0